136 36 40 140 36 36 124 80 68 88
136 36 40 140 36 36 124 80 80 88
136 36 40 140 36 36 124 80 92 88
136 36 40 140 36 36 124 92 68 88
136 36 40 140 36 36 124 92 80 88
136 36 40 140 36 36 124 92 92 88
136 36 40 140 36 36 124 104 68 88
136 36 40 140 36 36 124 104 80 88
136 36 40 140 36 36 124 104 92 88
136 36 40 140 36 48 124 80 68 88
136 36 40 140 36 48 124 80 80 88
136 36 40 140 36 48 124 80 92 88
136 36 40 140 36 48 124 92 68 88
136 36 40 140 36 48 124 92 80 88
136 36 40 140 36 48 124 92 92 88
136 36 40 140 36 48 124 104 68 88
136 36 40 140 36 48 124 104 80 88
136 36 40 140 36 48 124 104 92 88
136 36 40 140 36 60 124 80 68 88
136 36 40 140 36 60 124 80 80 88
136 36 40 140 36 60 124 80 92 88
136 36 40 140 36 60 124 92 68 88
136 36 40 140 36 60 124 92 80 88
136 36 40 140 36 60 124 92 92 88
136 36 40 140 36 60 124 104 68 88
136 36 40 140 36 60 124 104 80 88
136 36 40 140 36 60 124 104 92 88
136 36 40 140 48 36 124 80 68 88
136 36 40 140 48 36 124 80 80 88
136 36 40 140 48 36 124 80 92 88
136 36 40 140 48 36 124 92 68 88
136 36 40 140 48 36 124 92 80 88
136 36 40 140 48 36 124 92 92 88
136 36 40 140 48 36 124 104 68 88
136 36 40 140 48 36 124 104 80 88
136 36 40 140 48 36 124 104 92 88
136 36 40 140 48 48 124 80 68 88
136 36 40 140 48 48 124 80 80 88
136 36 40 140 48 48 124 80 92 88
136 36 40 140 48 48 124 92 68 88
136 36 40 140 48 48 124 92 80 88
136 36 40 140 48 48 124 92 92 88
136 36 40 140 48 48 124 104 68 88
136 36 40 140 48 48 124 104 80 88
136 36 40 140 48 48 124 104 92 88
136 36 40 140 48 60 124 80 68 88
136 36 40 140 48 60 124 80 80 88
136 36 40 140 48 60 124 80 92 88
136 36 40 140 48 60 124 92 68 88
136 36 40 140 48 60 124 92 80 88
136 36 40 140 48 60 124 92 92 88
136 36 40 140 48 60 124 104 68 88
136 36 40 140 48 60 124 104 80 88
136 36 40 140 48 60 124 104 92 88
136 36 40 140 60 36 124 80 68 88
136 36 40 140 60 36 124 80 80 88
136 36 40 140 60 36 124 80 92 88
136 36 40 140 60 36 124 92 68 88
136 36 40 140 60 36 124 92 80 88
136 36 40 140 60 36 124 92 92 88
136 36 40 140 60 36 124 104 68 88
136 36 40 140 60 36 124 104 80 88
136 36 40 140 60 36 124 104 92 88
136 36 40 140 60 48 124 80 68 88
136 36 40 140 60 48 124 80 80 88
136 36 40 140 60 48 124 80 92 88
136 36 40 140 60 48 124 92 68 88
136 36 40 140 60 48 124 92 80 88
136 36 40 140 60 48 124 92 92 88
136 36 40 140 60 48 124 104 68 88
136 36 40 140 60 48 124 104 80 88
136 36 40 140 60 48 124 104 92 88
136 36 40 140 60 60 124 80 68 88
136 36 40 140 60 60 124 80 80 88
136 36 40 140 60 60 124 80 92 88
136 36 40 140 60 60 124 92 68 88
136 36 40 140 60 60 124 92 80 88
136 36 40 140 60 60 124 92 92 88
136 36 40 140 60 60 124 104 68 88
136 36 40 140 60 60 124 104 80 88
136 36 40 140 60 60 124 104 92 88
136 36 40 152 36 36 124 80 68 88
136 36 40 152 36 36 124 80 80 88
136 36 40 152 36 36 124 80 92 88
136 36 40 152 36 36 124 92 68 88
136 36 40 152 36 36 124 92 80 88
136 36 40 152 36 36 124 92 92 88
136 36 40 152 36 36 124 104 68 88
136 36 40 152 36 36 124 104 80 88
136 36 40 152 36 36 124 104 92 88
136 36 40 152 36 48 124 80 68 88
136 36 40 152 36 48 124 80 80 88
136 36 40 152 36 48 124 80 92 88
136 36 40 152 36 48 124 92 68 88
136 36 40 152 36 48 124 92 80 88
136 36 40 152 36 48 124 92 92 88
136 36 40 152 36 48 124 104 68 88
136 36 40 152 36 48 124 104 80 88
136 36 40 152 36 48 124 104 92 88
136 36 40 152 36 60 124 80 68 88
136 36 40 152 36 60 124 80 80 88
136 36 40 152 36 60 124 80 92 88
136 36 40 152 36 60 124 92 68 88
136 36 40 152 36 60 124 92 80 88
136 36 40 152 36 60 124 92 92 88
136 36 40 152 36 60 124 104 68 88
136 36 40 152 36 60 124 104 80 88
136 36 40 152 36 60 124 104 92 88
136 36 40 152 48 36 124 80 68 88
136 36 40 152 48 36 124 80 80 88
136 36 40 152 48 36 124 80 92 88
136 36 40 152 48 36 124 92 68 88
136 36 40 152 48 36 124 92 80 88
136 36 40 152 48 36 124 92 92 88
136 36 40 152 48 36 124 104 68 88
136 36 40 152 48 36 124 104 80 88
136 36 40 152 48 36 124 104 92 88
136 36 40 152 48 48 124 80 68 88
136 36 40 152 48 48 124 80 80 88
136 36 40 152 48 48 124 80 92 88
136 36 40 152 48 48 124 92 68 88
136 36 40 152 48 48 124 92 80 88
136 36 40 152 48 48 124 92 92 88
136 36 40 152 48 48 124 104 68 88
136 36 40 152 48 48 124 104 80 88
136 36 40 152 48 48 124 104 92 88
136 36 40 152 48 60 124 80 68 88
136 36 40 152 48 60 124 80 80 88
136 36 40 152 48 60 124 80 92 88
136 36 40 152 48 60 124 92 68 88
136 36 40 152 48 60 124 92 80 88
136 36 40 152 48 60 124 92 92 88
136 36 40 152 48 60 124 104 68 88
136 36 40 152 48 60 124 104 80 88
136 36 40 152 48 60 124 104 92 88
136 36 40 152 60 36 124 80 68 88
136 36 40 152 60 36 124 80 80 88
136 36 40 152 60 36 124 80 92 88
136 36 40 152 60 36 124 92 68 88
136 36 40 152 60 36 124 92 80 88
136 36 40 152 60 36 124 92 92 88
136 36 40 152 60 36 124 104 68 88
136 36 40 152 60 36 124 104 80 88
136 36 40 152 60 36 124 104 92 88
136 36 40 152 60 48 124 80 68 88
136 36 40 152 60 48 124 80 80 88
136 36 40 152 60 48 124 80 92 88
136 36 40 152 60 48 124 92 68 88
136 36 40 152 60 48 124 92 80 88
136 36 40 152 60 48 124 92 92 88
136 36 40 152 60 48 124 104 68 88
136 36 40 152 60 48 124 104 80 88
136 36 40 152 60 48 124 104 92 88
136 36 40 152 60 60 124 80 68 88
136 36 40 152 60 60 124 80 80 88
136 36 40 152 60 60 124 80 92 88
136 36 40 152 60 60 124 92 68 88
136 36 40 152 60 60 124 92 80 88
136 36 40 152 60 60 124 92 92 88
136 36 40 152 60 60 124 104 68 88
136 36 40 152 60 60 124 104 80 88
136 36 40 152 60 60 124 104 92 88
136 36 40 164 36 36 124 80 68 88
136 36 40 164 36 36 124 80 80 88
136 36 40 164 36 36 124 80 92 88
136 36 40 164 36 36 124 92 68 88
136 36 40 164 36 36 124 92 80 88
136 36 40 164 36 36 124 92 92 88
136 36 40 164 36 36 124 104 68 88
136 36 40 164 36 36 124 104 80 88
136 36 40 164 36 36 124 104 92 88
136 36 40 164 36 48 124 80 68 88
136 36 40 164 36 48 124 80 80 88
136 36 40 164 36 48 124 80 92 88
136 36 40 164 36 48 124 92 68 88
136 36 40 164 36 48 124 92 80 88
136 36 40 164 36 48 124 92 92 88
136 36 40 164 36 48 124 104 68 88
136 36 40 164 36 48 124 104 80 88
136 36 40 164 36 48 124 104 92 88
136 36 40 164 36 60 124 80 68 88
136 36 40 164 36 60 124 80 80 88
136 36 40 164 36 60 124 80 92 88
136 36 40 164 36 60 124 92 68 88
136 36 40 164 36 60 124 92 80 88
136 36 40 164 36 60 124 92 92 88
136 36 40 164 36 60 124 104 68 88
136 36 40 164 36 60 124 104 80 88
136 36 40 164 36 60 124 104 92 88
136 36 40 164 48 36 124 80 68 88
136 36 40 164 48 36 124 80 80 88
136 36 40 164 48 36 124 80 92 88
136 36 40 164 48 36 124 92 68 88
136 36 40 164 48 36 124 92 80 88
136 36 40 164 48 36 124 92 92 88
136 36 40 164 48 36 124 104 68 88
136 36 40 164 48 36 124 104 80 88
136 36 40 164 48 36 124 104 92 88
136 36 40 164 48 48 124 80 68 88
136 36 40 164 48 48 124 80 80 88
136 36 40 164 48 48 124 80 92 88
136 36 40 164 48 48 124 92 68 88
136 36 40 164 48 48 124 92 80 88
136 36 40 164 48 48 124 92 92 88
136 36 40 164 48 48 124 104 68 88
136 36 40 164 48 48 124 104 80 88
136 36 40 164 48 48 124 104 92 88
136 36 40 164 48 60 124 80 68 88
136 36 40 164 48 60 124 80 80 88
136 36 40 164 48 60 124 80 92 88
136 36 40 164 48 60 124 92 68 88
136 36 40 164 48 60 124 92 80 88
136 36 40 164 48 60 124 92 92 88
136 36 40 164 48 60 124 104 68 88
136 36 40 164 48 60 124 104 80 88
136 36 40 164 48 60 124 104 92 88
136 36 40 164 60 36 124 80 68 88
136 36 40 164 60 36 124 80 80 88
136 36 40 164 60 36 124 80 92 88
136 36 40 164 60 36 124 92 68 88
136 36 40 164 60 36 124 92 80 88
136 36 40 164 60 36 124 92 92 88
136 36 40 164 60 36 124 104 68 88
136 36 40 164 60 36 124 104 80 88
136 36 40 164 60 36 124 104 92 88
136 36 40 164 60 48 124 80 68 88
136 36 40 164 60 48 124 80 80 88
136 36 40 164 60 48 124 80 92 88
136 36 40 164 60 48 124 92 68 88
136 36 40 164 60 48 124 92 80 88
136 36 40 164 60 48 124 92 92 88
136 36 40 164 60 48 124 104 68 88
136 36 40 164 60 48 124 104 80 88
136 36 40 164 60 48 124 104 92 88
136 36 40 164 60 60 124 80 68 88
136 36 40 164 60 60 124 80 80 88
136 36 40 164 60 60 124 80 92 88
136 36 40 164 60 60 124 92 68 88
136 36 40 164 60 60 124 92 80 88
136 36 40 164 60 60 124 92 92 88
136 36 40 164 60 60 124 104 68 88
136 36 40 164 60 60 124 104 80 88
136 36 40 164 60 60 124 104 92 88
136 36 52 140 36 36 124 80 68 88
136 36 52 140 36 36 124 80 80 88
136 36 52 140 36 36 124 80 92 88
136 36 52 140 36 36 124 92 68 88
136 36 52 140 36 36 124 92 80 88
136 36 52 140 36 36 124 92 92 88
136 36 52 140 36 36 124 104 68 88
136 36 52 140 36 36 124 104 80 88
136 36 52 140 36 36 124 104 92 88
136 36 52 140 36 48 124 80 68 88
136 36 52 140 36 48 124 80 80 88
136 36 52 140 36 48 124 80 92 88
136 36 52 140 36 48 124 92 68 88
136 36 52 140 36 48 124 92 80 88
136 36 52 140 36 48 124 92 92 88
136 36 52 140 36 48 124 104 68 88
136 36 52 140 36 48 124 104 80 88
136 36 52 140 36 48 124 104 92 88
136 36 52 140 36 60 124 80 68 88
136 36 52 140 36 60 124 80 80 88
136 36 52 140 36 60 124 80 92 88
136 36 52 140 36 60 124 92 68 88
136 36 52 140 36 60 124 92 80 88
136 36 52 140 36 60 124 92 92 88
136 36 52 140 36 60 124 104 68 88
136 36 52 140 36 60 124 104 80 88
136 36 52 140 36 60 124 104 92 88
136 36 52 140 48 36 124 80 68 88
136 36 52 140 48 36 124 80 80 88
136 36 52 140 48 36 124 80 92 88
136 36 52 140 48 36 124 92 68 88
136 36 52 140 48 36 124 92 80 88
136 36 52 140 48 36 124 92 92 88
136 36 52 140 48 36 124 104 68 88
136 36 52 140 48 36 124 104 80 88
136 36 52 140 48 36 124 104 92 88
136 36 52 140 48 48 124 80 68 88
136 36 52 140 48 48 124 80 80 88
136 36 52 140 48 48 124 80 92 88
136 36 52 140 48 48 124 92 68 88
136 36 52 140 48 48 124 92 80 88
136 36 52 140 48 48 124 92 92 88
136 36 52 140 48 48 124 104 68 88
136 36 52 140 48 48 124 104 80 88
136 36 52 140 48 48 124 104 92 88
136 36 52 140 48 60 124 80 68 88
136 36 52 140 48 60 124 80 80 88
136 36 52 140 48 60 124 80 92 88
136 36 52 140 48 60 124 92 68 88
136 36 52 140 48 60 124 92 80 88
136 36 52 140 48 60 124 92 92 88
136 36 52 140 48 60 124 104 68 88
136 36 52 140 48 60 124 104 80 88
136 36 52 140 48 60 124 104 92 88
136 36 52 140 60 36 124 80 68 88
136 36 52 140 60 36 124 80 80 88
136 36 52 140 60 36 124 80 92 88
136 36 52 140 60 36 124 92 68 88
136 36 52 140 60 36 124 92 80 88
136 36 52 140 60 36 124 92 92 88
136 36 52 140 60 36 124 104 68 88
136 36 52 140 60 36 124 104 80 88
136 36 52 140 60 36 124 104 92 88
136 36 52 140 60 48 124 80 68 88
136 36 52 140 60 48 124 80 80 88
136 36 52 140 60 48 124 80 92 88
136 36 52 140 60 48 124 92 68 88
136 36 52 140 60 48 124 92 80 88
136 36 52 140 60 48 124 92 92 88
136 36 52 140 60 48 124 104 68 88
136 36 52 140 60 48 124 104 80 88
136 36 52 140 60 48 124 104 92 88
136 36 52 140 60 60 124 80 68 88
136 36 52 140 60 60 124 80 80 88
136 36 52 140 60 60 124 80 92 88
136 36 52 140 60 60 124 92 68 88
136 36 52 140 60 60 124 92 80 88
136 36 52 140 60 60 124 92 92 88
136 36 52 140 60 60 124 104 68 88
136 36 52 140 60 60 124 104 80 88
136 36 52 140 60 60 124 104 92 88
136 36 52 152 36 36 124 80 68 88
136 36 52 152 36 36 124 80 80 88
136 36 52 152 36 36 124 80 92 88
136 36 52 152 36 36 124 92 68 88
136 36 52 152 36 36 124 92 80 88
136 36 52 152 36 36 124 92 92 88
136 36 52 152 36 36 124 104 68 88
136 36 52 152 36 36 124 104 80 88
136 36 52 152 36 36 124 104 92 88
136 36 52 152 36 48 124 80 68 88
136 36 52 152 36 48 124 80 80 88
136 36 52 152 36 48 124 80 92 88
136 36 52 152 36 48 124 92 68 88
136 36 52 152 36 48 124 92 80 88
136 36 52 152 36 48 124 92 92 88
136 36 52 152 36 48 124 104 68 88
136 36 52 152 36 48 124 104 80 88
136 36 52 152 36 48 124 104 92 88
136 36 52 152 36 60 124 80 68 88
136 36 52 152 36 60 124 80 80 88
136 36 52 152 36 60 124 80 92 88
136 36 52 152 36 60 124 92 68 88
136 36 52 152 36 60 124 92 80 88
136 36 52 152 36 60 124 92 92 88
136 36 52 152 36 60 124 104 68 88
136 36 52 152 36 60 124 104 80 88
136 36 52 152 36 60 124 104 92 88
136 36 52 152 48 36 124 80 68 88
136 36 52 152 48 36 124 80 80 88
136 36 52 152 48 36 124 80 92 88
136 36 52 152 48 36 124 92 68 88
136 36 52 152 48 36 124 92 80 88
136 36 52 152 48 36 124 92 92 88
136 36 52 152 48 36 124 104 68 88
136 36 52 152 48 36 124 104 80 88
136 36 52 152 48 36 124 104 92 88
136 36 52 152 48 48 124 80 68 88
136 36 52 152 48 48 124 80 80 88
136 36 52 152 48 48 124 80 92 88
136 36 52 152 48 48 124 92 68 88
136 36 52 152 48 48 124 92 80 88
136 36 52 152 48 48 124 92 92 88
136 36 52 152 48 48 124 104 68 88
136 36 52 152 48 48 124 104 80 88
136 36 52 152 48 48 124 104 92 88
136 36 52 152 48 60 124 80 68 88
136 36 52 152 48 60 124 80 80 88
136 36 52 152 48 60 124 80 92 88
136 36 52 152 48 60 124 92 68 88
136 36 52 152 48 60 124 92 80 88
136 36 52 152 48 60 124 92 92 88
136 36 52 152 48 60 124 104 68 88
136 36 52 152 48 60 124 104 80 88
136 36 52 152 48 60 124 104 92 88
136 36 52 152 60 36 124 80 68 88
136 36 52 152 60 36 124 80 80 88
136 36 52 152 60 36 124 80 92 88
136 36 52 152 60 36 124 92 68 88
136 36 52 152 60 36 124 92 80 88
136 36 52 152 60 36 124 92 92 88
136 36 52 152 60 36 124 104 68 88
136 36 52 152 60 36 124 104 80 88
136 36 52 152 60 36 124 104 92 88
136 36 52 152 60 48 124 80 68 88
136 36 52 152 60 48 124 80 80 88
136 36 52 152 60 48 124 80 92 88
136 36 52 152 60 48 124 92 68 88
136 36 52 152 60 48 124 92 80 88
136 36 52 152 60 48 124 92 92 88
136 36 52 152 60 48 124 104 68 88
136 36 52 152 60 48 124 104 80 88
136 36 52 152 60 48 124 104 92 88
136 36 52 152 60 60 124 80 68 88
136 36 52 152 60 60 124 80 80 88
136 36 52 152 60 60 124 80 92 88
136 36 52 152 60 60 124 92 68 88
136 36 52 152 60 60 124 92 80 88
136 36 52 152 60 60 124 92 92 88
136 36 52 152 60 60 124 104 68 88
136 36 52 152 60 60 124 104 80 88
136 36 52 152 60 60 124 104 92 88
136 36 52 164 36 36 124 80 68 88
136 36 52 164 36 36 124 80 80 88
136 36 52 164 36 36 124 80 92 88
136 36 52 164 36 36 124 92 68 88
136 36 52 164 36 36 124 92 80 88
136 36 52 164 36 36 124 92 92 88
136 36 52 164 36 36 124 104 68 88
136 36 52 164 36 36 124 104 80 88
136 36 52 164 36 36 124 104 92 88
136 36 52 164 36 48 124 80 68 88
136 36 52 164 36 48 124 80 80 88
136 36 52 164 36 48 124 80 92 88
136 36 52 164 36 48 124 92 68 88
136 36 52 164 36 48 124 92 80 88
136 36 52 164 36 48 124 92 92 88
136 36 52 164 36 48 124 104 68 88
136 36 52 164 36 48 124 104 80 88
136 36 52 164 36 48 124 104 92 88
136 36 52 164 36 60 124 80 68 88
136 36 52 164 36 60 124 80 80 88
136 36 52 164 36 60 124 80 92 88
136 36 52 164 36 60 124 92 68 88
136 36 52 164 36 60 124 92 80 88
136 36 52 164 36 60 124 92 92 88
136 36 52 164 36 60 124 104 68 88
136 36 52 164 36 60 124 104 80 88
136 36 52 164 36 60 124 104 92 88
136 36 52 164 48 36 124 80 68 88
136 36 52 164 48 36 124 80 80 88
136 36 52 164 48 36 124 80 92 88
136 36 52 164 48 36 124 92 68 88
136 36 52 164 48 36 124 92 80 88
136 36 52 164 48 36 124 92 92 88
136 36 52 164 48 36 124 104 68 88
136 36 52 164 48 36 124 104 80 88
136 36 52 164 48 36 124 104 92 88
136 36 52 164 48 48 124 80 68 88
136 36 52 164 48 48 124 80 80 88
136 36 52 164 48 48 124 80 92 88
136 36 52 164 48 48 124 92 68 88
136 36 52 164 48 48 124 92 80 88
136 36 52 164 48 48 124 92 92 88
136 36 52 164 48 48 124 104 68 88
136 36 52 164 48 48 124 104 80 88
136 36 52 164 48 48 124 104 92 88
136 36 52 164 48 60 124 80 68 88
136 36 52 164 48 60 124 80 80 88
136 36 52 164 48 60 124 80 92 88
136 36 52 164 48 60 124 92 68 88
136 36 52 164 48 60 124 92 80 88
136 36 52 164 48 60 124 92 92 88
136 36 52 164 48 60 124 104 68 88
136 36 52 164 48 60 124 104 80 88
136 36 52 164 48 60 124 104 92 88
136 36 52 164 60 36 124 80 68 88
136 36 52 164 60 36 124 80 80 88
136 36 52 164 60 36 124 80 92 88
136 36 52 164 60 36 124 92 68 88
136 36 52 164 60 36 124 92 80 88
136 36 52 164 60 36 124 92 92 88
136 36 52 164 60 36 124 104 68 88
136 36 52 164 60 36 124 104 80 88
136 36 52 164 60 36 124 104 92 88
136 36 52 164 60 48 124 80 68 88
136 36 52 164 60 48 124 80 80 88
136 36 52 164 60 48 124 80 92 88
136 36 52 164 60 48 124 92 68 88
136 36 52 164 60 48 124 92 80 88
136 36 52 164 60 48 124 92 92 88
136 36 52 164 60 48 124 104 68 88
136 36 52 164 60 48 124 104 80 88
136 36 52 164 60 48 124 104 92 88
136 36 52 164 60 60 124 80 68 88
136 36 52 164 60 60 124 80 80 88
136 36 52 164 60 60 124 80 92 88
136 36 52 164 60 60 124 92 68 88
136 36 52 164 60 60 124 92 80 88
136 36 52 164 60 60 124 92 92 88
136 36 52 164 60 60 124 104 68 88
136 36 52 164 60 60 124 104 80 88
136 36 52 164 60 60 124 104 92 88
136 36 64 140 36 36 124 80 68 88
136 36 64 140 36 36 124 80 80 88
136 36 64 140 36 36 124 80 92 88
136 36 64 140 36 36 124 92 68 88
136 36 64 140 36 36 124 92 80 88
136 36 64 140 36 36 124 92 92 88
136 36 64 140 36 36 124 104 68 88
136 36 64 140 36 36 124 104 80 88
136 36 64 140 36 36 124 104 92 88
136 36 64 140 36 48 124 80 68 88
136 36 64 140 36 48 124 80 80 88
136 36 64 140 36 48 124 80 92 88
136 36 64 140 36 48 124 92 68 88
136 36 64 140 36 48 124 92 80 88
136 36 64 140 36 48 124 92 92 88
136 36 64 140 36 48 124 104 68 88
136 36 64 140 36 48 124 104 80 88
136 36 64 140 36 48 124 104 92 88
136 36 64 140 36 60 124 80 68 88
136 36 64 140 36 60 124 80 80 88
136 36 64 140 36 60 124 80 92 88
136 36 64 140 36 60 124 92 68 88
136 36 64 140 36 60 124 92 80 88
136 36 64 140 36 60 124 92 92 88
136 36 64 140 36 60 124 104 68 88
136 36 64 140 36 60 124 104 80 88
136 36 64 140 36 60 124 104 92 88
136 36 64 140 48 36 124 80 68 88
136 36 64 140 48 36 124 80 80 88
136 36 64 140 48 36 124 80 92 88
136 36 64 140 48 36 124 92 68 88
136 36 64 140 48 36 124 92 80 88
136 36 64 140 48 36 124 92 92 88
136 36 64 140 48 36 124 104 68 88
136 36 64 140 48 36 124 104 80 88
136 36 64 140 48 36 124 104 92 88
136 36 64 140 48 48 124 80 68 88
136 36 64 140 48 48 124 80 80 88
136 36 64 140 48 48 124 80 92 88
136 36 64 140 48 48 124 92 68 88
136 36 64 140 48 48 124 92 80 88
136 36 64 140 48 48 124 92 92 88
136 36 64 140 48 48 124 104 68 88
136 36 64 140 48 48 124 104 80 88
136 36 64 140 48 48 124 104 92 88
136 36 64 140 48 60 124 80 68 88
136 36 64 140 48 60 124 80 80 88
136 36 64 140 48 60 124 80 92 88
136 36 64 140 48 60 124 92 68 88
136 36 64 140 48 60 124 92 80 88
136 36 64 140 48 60 124 92 92 88
136 36 64 140 48 60 124 104 68 88
136 36 64 140 48 60 124 104 80 88
136 36 64 140 48 60 124 104 92 88
136 36 64 140 60 36 124 80 68 88
136 36 64 140 60 36 124 80 80 88
136 36 64 140 60 36 124 80 92 88
136 36 64 140 60 36 124 92 68 88
136 36 64 140 60 36 124 92 80 88
136 36 64 140 60 36 124 92 92 88
136 36 64 140 60 36 124 104 68 88
136 36 64 140 60 36 124 104 80 88
136 36 64 140 60 36 124 104 92 88
136 36 64 140 60 48 124 80 68 88
136 36 64 140 60 48 124 80 80 88
136 36 64 140 60 48 124 80 92 88
136 36 64 140 60 48 124 92 68 88
136 36 64 140 60 48 124 92 80 88
136 36 64 140 60 48 124 92 92 88
136 36 64 140 60 48 124 104 68 88
136 36 64 140 60 48 124 104 80 88
136 36 64 140 60 48 124 104 92 88
136 36 64 140 60 60 124 80 68 88
136 36 64 140 60 60 124 80 80 88
136 36 64 140 60 60 124 80 92 88
136 36 64 140 60 60 124 92 68 88
136 36 64 140 60 60 124 92 80 88
136 36 64 140 60 60 124 92 92 88
136 36 64 140 60 60 124 104 68 88
136 36 64 140 60 60 124 104 80 88
136 36 64 140 60 60 124 104 92 88
136 36 64 152 36 36 124 80 68 88
136 36 64 152 36 36 124 80 80 88
136 36 64 152 36 36 124 80 92 88
136 36 64 152 36 36 124 92 68 88
136 36 64 152 36 36 124 92 80 88
136 36 64 152 36 36 124 92 92 88
136 36 64 152 36 36 124 104 68 88
136 36 64 152 36 36 124 104 80 88
136 36 64 152 36 36 124 104 92 88
136 36 64 152 36 48 124 80 68 88
136 36 64 152 36 48 124 80 80 88
136 36 64 152 36 48 124 80 92 88
136 36 64 152 36 48 124 92 68 88
136 36 64 152 36 48 124 92 80 88
136 36 64 152 36 48 124 92 92 88
136 36 64 152 36 48 124 104 68 88
136 36 64 152 36 48 124 104 80 88
136 36 64 152 36 48 124 104 92 88
136 36 64 152 36 60 124 80 68 88
136 36 64 152 36 60 124 80 80 88
136 36 64 152 36 60 124 80 92 88
136 36 64 152 36 60 124 92 68 88
136 36 64 152 36 60 124 92 80 88
136 36 64 152 36 60 124 92 92 88
136 36 64 152 36 60 124 104 68 88
136 36 64 152 36 60 124 104 80 88
136 36 64 152 36 60 124 104 92 88
136 36 64 152 48 36 124 80 68 88
136 36 64 152 48 36 124 80 80 88
136 36 64 152 48 36 124 80 92 88
136 36 64 152 48 36 124 92 68 88
136 36 64 152 48 36 124 92 80 88
136 36 64 152 48 36 124 92 92 88
136 36 64 152 48 36 124 104 68 88
136 36 64 152 48 36 124 104 80 88
136 36 64 152 48 36 124 104 92 88
136 36 64 152 48 48 124 80 68 88
136 36 64 152 48 48 124 80 80 88
136 36 64 152 48 48 124 80 92 88
136 36 64 152 48 48 124 92 68 88
136 36 64 152 48 48 124 92 80 88
136 36 64 152 48 48 124 92 92 88
136 36 64 152 48 48 124 104 68 88
136 36 64 152 48 48 124 104 80 88
136 36 64 152 48 48 124 104 92 88
136 36 64 152 48 60 124 80 68 88
136 36 64 152 48 60 124 80 80 88
136 36 64 152 48 60 124 80 92 88
136 36 64 152 48 60 124 92 68 88
136 36 64 152 48 60 124 92 80 88
136 36 64 152 48 60 124 92 92 88
136 36 64 152 48 60 124 104 68 88
136 36 64 152 48 60 124 104 80 88
136 36 64 152 48 60 124 104 92 88
136 36 64 152 60 36 124 80 68 88
136 36 64 152 60 36 124 80 80 88
136 36 64 152 60 36 124 80 92 88
136 36 64 152 60 36 124 92 68 88
136 36 64 152 60 36 124 92 80 88
136 36 64 152 60 36 124 92 92 88
136 36 64 152 60 36 124 104 68 88
136 36 64 152 60 36 124 104 80 88
136 36 64 152 60 36 124 104 92 88
136 36 64 152 60 48 124 80 68 88
136 36 64 152 60 48 124 80 80 88
136 36 64 152 60 48 124 80 92 88
136 36 64 152 60 48 124 92 68 88
136 36 64 152 60 48 124 92 80 88
136 36 64 152 60 48 124 92 92 88
136 36 64 152 60 48 124 104 68 88
136 36 64 152 60 48 124 104 80 88
136 36 64 152 60 48 124 104 92 88
136 36 64 152 60 60 124 80 68 88
136 36 64 152 60 60 124 80 80 88
136 36 64 152 60 60 124 80 92 88
136 36 64 152 60 60 124 92 68 88
136 36 64 152 60 60 124 92 80 88
136 36 64 152 60 60 124 92 92 88
136 36 64 152 60 60 124 104 68 88
136 36 64 152 60 60 124 104 80 88
136 36 64 152 60 60 124 104 92 88
136 36 64 164 36 36 124 80 68 88
136 36 64 164 36 36 124 80 80 88
136 36 64 164 36 36 124 80 92 88
136 36 64 164 36 36 124 92 68 88
136 36 64 164 36 36 124 92 80 88
136 36 64 164 36 36 124 92 92 88
136 36 64 164 36 36 124 104 68 88
136 36 64 164 36 36 124 104 80 88
136 36 64 164 36 36 124 104 92 88
136 36 64 164 36 48 124 80 68 88
136 36 64 164 36 48 124 80 80 88
136 36 64 164 36 48 124 80 92 88
136 36 64 164 36 48 124 92 68 88
136 36 64 164 36 48 124 92 80 88
136 36 64 164 36 48 124 92 92 88
136 36 64 164 36 48 124 104 68 88
136 36 64 164 36 48 124 104 80 88
136 36 64 164 36 48 124 104 92 88
136 36 64 164 36 60 124 80 68 88
136 36 64 164 36 60 124 80 80 88
136 36 64 164 36 60 124 80 92 88
136 36 64 164 36 60 124 92 68 88
136 36 64 164 36 60 124 92 80 88
136 36 64 164 36 60 124 92 92 88
136 36 64 164 36 60 124 104 68 88
136 36 64 164 36 60 124 104 80 88
136 36 64 164 36 60 124 104 92 88
136 36 64 164 48 36 124 80 68 88
136 36 64 164 48 36 124 80 80 88
136 36 64 164 48 36 124 80 92 88
136 36 64 164 48 36 124 92 68 88
136 36 64 164 48 36 124 92 80 88
136 36 64 164 48 36 124 92 92 88
136 36 64 164 48 36 124 104 68 88
136 36 64 164 48 36 124 104 80 88
136 36 64 164 48 36 124 104 92 88
136 36 64 164 48 48 124 80 68 88
136 36 64 164 48 48 124 80 80 88
136 36 64 164 48 48 124 80 92 88
136 36 64 164 48 48 124 92 68 88
136 36 64 164 48 48 124 92 80 88
136 36 64 164 48 48 124 92 92 88
136 36 64 164 48 48 124 104 68 88
136 36 64 164 48 48 124 104 80 88
136 36 64 164 48 48 124 104 92 88
136 36 64 164 48 60 124 80 68 88
136 36 64 164 48 60 124 80 80 88
136 36 64 164 48 60 124 80 92 88
136 36 64 164 48 60 124 92 68 88
136 36 64 164 48 60 124 92 80 88
136 36 64 164 48 60 124 92 92 88
136 36 64 164 48 60 124 104 68 88
136 36 64 164 48 60 124 104 80 88
136 36 64 164 48 60 124 104 92 88
136 36 64 164 60 36 124 80 68 88
136 36 64 164 60 36 124 80 80 88
136 36 64 164 60 36 124 80 92 88
136 36 64 164 60 36 124 92 68 88
136 36 64 164 60 36 124 92 80 88
136 36 64 164 60 36 124 92 92 88
136 36 64 164 60 36 124 104 68 88
136 36 64 164 60 36 124 104 80 88
136 36 64 164 60 36 124 104 92 88
136 36 64 164 60 48 124 80 68 88
136 36 64 164 60 48 124 80 80 88
136 36 64 164 60 48 124 80 92 88
136 36 64 164 60 48 124 92 68 88
136 36 64 164 60 48 124 92 80 88
136 36 64 164 60 48 124 92 92 88
136 36 64 164 60 48 124 104 68 88
136 36 64 164 60 48 124 104 80 88
136 36 64 164 60 48 124 104 92 88
136 36 64 164 60 60 124 80 68 88
136 36 64 164 60 60 124 80 80 88
136 36 64 164 60 60 124 80 92 88
136 36 64 164 60 60 124 92 68 88
136 36 64 164 60 60 124 92 80 88
136 36 64 164 60 60 124 92 92 88
136 36 64 164 60 60 124 104 68 88
136 36 64 164 60 60 124 104 80 88
136 36 64 164 60 60 124 104 92 88
