
128 44 68 152 48 64 124 108 96 88
128 44 68 152 64 32 124 76 64 88
128 44 68 152 64 32 124 76 80 88
128 44 68 152 64 32 124 76 96 88
128 44 68 152 64 32 124 92 64 88
128 44 68 152 64 32 124 92 80 88
128 44 68 152 64 32 124 92 96 88
128 44 68 152 64 32 124 108 64 88
128 44 68 152 64 32 124 108 80 88
128 44 68 152 64 32 124 108 96 88
128 44 68 152 64 48 124 76 64 88
128 44 68 152 64 48 124 76 80 88
128 44 68 152 64 48 124 76 96 88
128 44 68 152 64 48 124 92 64 88
128 44 68 152 64 48 124 92 80 88
128 44 68 152 64 48 124 92 96 88
128 44 68 152 64 48 124 108 64 88
128 44 68 152 64 48 124 108 80 88
128 44 68 152 64 48 124 108 96 88
128 44 68 152 64 64 124 76 64 88
128 44 68 152 64 64 124 76 80 88
128 44 68 152 64 64 124 76 96 88
128 44 68 152 64 64 124 92 64 88
128 44 68 152 64 64 124 92 80 88
128 44 68 152 64 64 124 92 96 88
128 44 68 152 64 64 124 108 64 88
128 44 68 152 64 64 124 108 80 88
128 44 68 152 64 64 124 108 96 88
128 44 68 168 32 32 124 76 64 88
128 44 68 168 32 32 124 76 80 88
128 44 68 168 32 32 124 76 96 88
128 44 68 168 32 32 124 92 64 88
128 44 68 168 32 32 124 92 80 88
128 44 68 168 32 32 124 92 96 88
128 44 68 168 32 32 124 108 64 88
128 44 68 168 32 32 124 108 80 88
128 44 68 168 32 32 124 108 96 88
128 44 68 168 32 48 124 76 64 88
128 44 68 168 32 48 124 76 80 88
128 44 68 168 32 48 124 76 96 88
128 44 68 168 32 48 124 92 64 88
128 44 68 168 32 48 124 92 80 88
128 44 68 168 32 48 124 92 96 88
128 44 68 168 32 48 124 108 64 88
128 44 68 168 32 48 124 108 80 88
128 44 68 168 32 48 124 108 96 88
128 44 68 168 32 64 124 76 64 88
128 44 68 168 32 64 124 76 80 88
128 44 68 168 32 64 124 76 96 88
128 44 68 168 32 64 124 92 64 88
128 44 68 168 32 64 124 92 80 88
128 44 68 168 32 64 124 92 96 88
128 44 68 168 32 64 124 108 64 88
128 44 68 168 32 64 124 108 80 88
128 44 68 168 32 64 124 108 96 88
128 44 68 168 48 32 124 76 64 88
128 44 68 168 48 32 124 76 80 88
128 44 68 168 48 32 124 76 96 88
128 44 68 168 48 32 124 92 64 88
128 44 68 168 48 32 124 92 80 88
128 44 68 168 48 32 124 92 96 88
128 44 68 168 48 32 124 108 64 88
128 44 68 168 48 32 124 108 80 88
128 44 68 168 48 32 124 108 96 88
128 44 68 168 48 48 124 76 64 88
128 44 68 168 48 48 124 76 80 88
128 44 68 168 48 48 124 76 96 88
128 44 68 168 48 48 124 92 64 88
128 44 68 168 48 48 124 92 80 88
128 44 68 168 48 48 124 92 96 88
128 44 68 168 48 48 124 108 64 88
128 44 68 168 48 48 124 108 80 88
128 44 68 168 48 48 124 108 96 88
128 44 68 168 48 64 124 76 64 88
128 44 68 168 48 64 124 76 80 88
128 44 68 168 48 64 124 76 96 88
128 44 68 168 48 64 124 92 64 88
128 44 68 168 48 64 124 92 80 88
128 44 68 168 48 64 124 92 96 88
128 44 68 168 48 64 124 108 64 88
128 44 68 168 48 64 124 108 80 88
128 44 68 168 48 64 124 108 96 88
128 44 68 168 64 32 124 76 64 88
128 44 68 168 64 32 124 76 80 88
128 44 68 168 64 32 124 76 96 88
128 44 68 168 64 32 124 92 64 88
128 44 68 168 64 32 124 92 80 88
128 44 68 168 64 32 124 92 96 88
128 44 68 168 64 32 124 108 64 88
128 44 68 168 64 32 124 108 80 88
128 44 68 168 64 32 124 108 96 88
128 44 68 168 64 48 124 76 64 88
128 44 68 168 64 48 124 76 80 88
128 44 68 168 64 48 124 76 96 88
128 44 68 168 64 48 124 92 64 88
128 44 68 168 64 48 124 92 80 88
128 44 68 168 64 48 124 92 96 88
128 44 68 168 64 48 124 108 64 88
128 44 68 168 64 48 124 108 80 88
128 44 68 168 64 48 124 108 96 88
128 44 68 168 64 64 124 76 64 88
128 44 68 168 64 64 124 76 80 88
128 44 68 168 64 64 124 76 96 88
128 44 68 168 64 64 124 92 64 88
128 44 68 168 64 64 124 92 80 88
128 44 68 168 64 64 124 92 96 88
128 44 68 168 64 64 124 108 64 88
128 44 68 168 64 64 124 108 80 88
128 44 68 168 64 64 124 108 96 88
