120 44 48 148 44 124 44 88 76 88
120 44 48 148 44 124 44 88 84 88
120 44 48 148 44 124 44 96 76 88
120 44 48 148 44 124 44 96 84 88
120 44 48 148 44 124 52 88 76 88
120 44 48 148 44 124 52 88 84 88
120 44 48 148 44 124 52 96 76 88
120 44 48 148 44 124 52 96 84 88
120 44 48 148 52 124 44 88 76 88
120 44 48 148 52 124 44 88 84 88
120 44 48 148 52 124 44 96 76 88
120 44 48 148 52 124 44 96 84 88
120 44 48 148 52 124 52 88 76 88
120 44 48 148 52 124 52 88 84 88
120 44 48 148 52 124 52 96 76 88
120 44 48 148 52 124 52 96 84 88
120 44 48 156 44 124 44 88 76 88
120 44 48 156 44 124 44 88 84 88
120 44 48 156 44 124 44 96 76 88
120 44 48 156 44 124 44 96 84 88
120 44 48 156 44 124 52 88 76 88
120 44 48 156 44 124 52 88 84 88
120 44 48 156 44 124 52 96 76 88
120 44 48 156 44 124 52 96 84 88
120 44 48 156 52 124 44 88 76 88
120 44 48 156 52 124 44 88 84 88
120 44 48 156 52 124 44 96 76 88
120 44 48 156 52 124 44 96 84 88
120 44 48 156 52 124 52 88 76 88
120 44 48 156 52 124 52 88 84 88
120 44 48 156 52 124 52 96 76 88
120 44 48 156 52 124 52 96 84 88
120 44 56 148 44 124 44 88 76 88
120 44 56 148 44 124 44 88 84 88
120 44 56 148 44 124 44 96 76 88
120 44 56 148 44 124 44 96 84 88
120 44 56 148 44 124 52 88 76 88
120 44 56 148 44 124 52 88 84 88
120 44 56 148 44 124 52 96 76 88
120 44 56 148 44 124 52 96 84 88
120 44 56 148 52 124 44 88 76 88
120 44 56 148 52 124 44 88 84 88
120 44 56 148 52 124 44 96 76 88
120 44 56 148 52 124 44 96 84 88
120 44 56 148 52 124 52 88 76 88
120 44 56 148 52 124 52 88 84 88
120 44 56 148 52 124 52 96 76 88
120 44 56 148 52 124 52 96 84 88
120 44 56 156 44 124 44 88 76 88
120 44 56 156 44 124 44 88 84 88
120 44 56 156 44 124 44 96 76 88
120 44 56 156 44 124 44 96 84 88
120 44 56 156 44 124 52 88 76 88
120 44 56 156 44 124 52 88 84 88
120 44 56 156 44 124 52 96 76 88
120 44 56 156 44 124 52 96 84 88
120 44 56 156 52 124 44 88 76 88
120 44 56 156 52 124 44 88 84 88
120 44 56 156 52 124 44 96 76 88
120 44 56 156 52 124 44 96 84 88
120 44 56 156 52 124 52 88 76 88
120 44 56 156 52 124 52 88 84 88
120 44 56 156 52 124 52 96 76 88
120 44 56 156 52 124 52 96 84 88
120 52 48 148 44 124 44 88 76 88
120 52 48 148 44 124 44 88 84 88
120 52 48 148 44 124 44 96 76 88
120 52 48 148 44 124 44 96 84 88
120 52 48 148 44 124 52 88 76 88
120 52 48 148 44 124 52 88 84 88
120 52 48 148 44 124 52 96 76 88
120 52 48 148 44 124 52 96 84 88
120 52 48 148 52 124 44 88 76 88
120 52 48 148 52 124 44 88 84 88
120 52 48 148 52 124 44 96 76 88
120 52 48 148 52 124 44 96 84 88
120 52 48 148 52 124 52 88 76 88
120 52 48 148 52 124 52 88 84 88
120 52 48 148 52 124 52 96 76 88
120 52 48 148 52 124 52 96 84 88
120 52 48 156 44 124 44 88 76 88
120 52 48 156 44 124 44 88 84 88
120 52 48 156 44 124 44 96 76 88
120 52 48 156 44 124 44 96 84 88
120 52 48 156 44 124 52 88 76 88
120 52 48 156 44 124 52 88 84 88
120 52 48 156 44 124 52 96 76 88
120 52 48 156 44 124 52 96 84 88
120 52 48 156 52 124 44 88 76 88
120 52 48 156 52 124 44 88 84 88
120 52 48 156 52 124 44 96 76 88
120 52 48 156 52 124 44 96 84 88
120 52 48 156 52 124 52 88 76 88
120 52 48 156 52 124 52 88 84 88
120 52 48 156 52 124 52 96 76 88
120 52 48 156 52 124 52 96 84 88
120 52 56 148 44 124 44 88 76 88
120 52 56 148 44 124 44 88 84 88
120 52 56 148 44 124 44 96 76 88
120 52 56 148 44 124 44 96 84 88
120 52 56 148 44 124 52 88 76 88
120 52 56 148 44 124 52 88 84 88
120 52 56 148 44 124 52 96 76 88
120 52 56 148 44 124 52 96 84 88
120 52 56 148 52 124 44 88 76 88
120 52 56 148 52 124 44 88 84 88
120 52 56 148 52 124 44 96 76 88
120 52 56 148 52 124 44 96 84 88
120 52 56 148 52 124 52 88 76 88
120 52 56 148 52 124 52 88 84 88
120 52 56 148 52 124 52 96 76 88
120 52 56 148 52 124 52 96 84 88
120 52 56 156 44 124 44 88 76 88
120 52 56 156 44 124 44 88 84 88
120 52 56 156 44 124 44 96 76 88
120 52 56 156 44 124 44 96 84 88
120 52 56 156 44 124 52 88 76 88
120 52 56 156 44 124 52 88 84 88
120 52 56 156 44 124 52 96 76 88
120 52 56 156 44 124 52 96 84 88
120 52 56 156 52 124 44 88 76 88
120 52 56 156 52 124 44 88 84 88
120 52 56 156 52 124 44 96 76 88
120 52 56 156 52 124 44 96 84 88
120 52 56 156 52 124 52 88 76 88
120 52 56 156 52 124 52 88 84 88
120 52 56 156 52 124 52 96 76 88
120 52 56 156 52 124 52 96 84 88
128 44 48 148 44 124 44 88 76 88
128 44 48 148 44 124 44 88 84 88
128 44 48 148 44 124 44 96 76 88
128 44 48 148 44 124 44 96 84 88
128 44 48 148 44 124 52 88 76 88
128 44 48 148 44 124 52 88 84 88
128 44 48 148 44 124 52 96 76 88
128 44 48 148 44 124 52 96 84 88
128 44 48 148 52 124 44 88 76 88
128 44 48 148 52 124 44 88 84 88
128 44 48 148 52 124 44 96 76 88
128 44 48 148 52 124 44 96 84 88
128 44 48 148 52 124 52 88 76 88
128 44 48 148 52 124 52 88 84 88
128 44 48 148 52 124 52 96 76 88
128 44 48 148 52 124 52 96 84 88
128 44 48 156 44 124 44 88 76 88
128 44 48 156 44 124 44 88 84 88
128 44 48 156 44 124 44 96 76 88
128 44 48 156 44 124 44 96 84 88
128 44 48 156 44 124 52 88 76 88
128 44 48 156 44 124 52 88 84 88
128 44 48 156 44 124 52 96 76 88
128 44 48 156 44 124 52 96 84 88
128 44 48 156 52 124 44 88 76 88
128 44 48 156 52 124 44 88 84 88
128 44 48 156 52 124 44 96 76 88
128 44 48 156 52 124 44 96 84 88
128 44 48 156 52 124 52 88 76 88
128 44 48 156 52 124 52 88 84 88
128 44 48 156 52 124 52 96 76 88
128 44 48 156 52 124 52 96 84 88
128 44 56 148 44 124 44 88 76 88
128 44 56 148 44 124 44 88 84 88
128 44 56 148 44 124 44 96 76 88
128 44 56 148 44 124 44 96 84 88
128 44 56 148 44 124 52 88 76 88
128 44 56 148 44 124 52 88 84 88
128 44 56 148 44 124 52 96 76 88
128 44 56 148 44 124 52 96 84 88
128 44 56 148 52 124 44 88 76 88
128 44 56 148 52 124 44 88 84 88
128 44 56 148 52 124 44 96 76 88
128 44 56 148 52 124 44 96 84 88
128 44 56 148 52 124 52 88 76 88
128 44 56 148 52 124 52 88 84 88
128 44 56 148 52 124 52 96 76 88
128 44 56 148 52 124 52 96 84 88
128 44 56 156 44 124 44 88 76 88
128 44 56 156 44 124 44 88 84 88
128 44 56 156 44 124 44 96 76 88
128 44 56 156 44 124 44 96 84 88
128 44 56 156 44 124 52 88 76 88
128 44 56 156 44 124 52 88 84 88
128 44 56 156 44 124 52 96 76 88
128 44 56 156 44 124 52 96 84 88
128 44 56 156 52 124 44 88 76 88
128 44 56 156 52 124 44 88 84 88
128 44 56 156 52 124 44 96 76 88
128 44 56 156 52 124 44 96 84 88
128 44 56 156 52 124 52 88 76 88
128 44 56 156 52 124 52 88 84 88
128 44 56 156 52 124 52 96 76 88
128 44 56 156 52 124 52 96 84 88
128 52 48 148 44 124 44 88 76 88
128 52 48 148 44 124 44 88 84 88
128 52 48 148 44 124 44 96 76 88
128 52 48 148 44 124 44 96 84 88
128 52 48 148 44 124 52 88 76 88
128 52 48 148 44 124 52 88 84 88
128 52 48 148 44 124 52 96 76 88
128 52 48 148 44 124 52 96 84 88
128 52 48 148 52 124 44 88 76 88
128 52 48 148 52 124 44 88 84 88
128 52 48 148 52 124 44 96 76 88
128 52 48 148 52 124 44 96 84 88
128 52 48 148 52 124 52 88 76 88
128 52 48 148 52 124 52 88 84 88
128 52 48 148 52 124 52 96 76 88
128 52 48 148 52 124 52 96 84 88
128 52 48 156 44 124 44 88 76 88
128 52 48 156 44 124 44 88 84 88
128 52 48 156 44 124 44 96 76 88
128 52 48 156 44 124 44 96 84 88
128 52 48 156 44 124 52 88 76 88
128 52 48 156 44 124 52 88 84 88
128 52 48 156 44 124 52 96 76 88
128 52 48 156 44 124 52 96 84 88
128 52 48 156 52 124 44 88 76 88
128 52 48 156 52 124 44 88 84 88
128 52 48 156 52 124 44 96 76 88
128 52 48 156 52 124 44 96 84 88
128 52 48 156 52 124 52 88 76 88
128 52 48 156 52 124 52 88 84 88
128 52 48 156 52 124 52 96 76 88
128 52 48 156 52 124 52 96 84 88
128 52 56 148 44 124 44 88 76 88
128 52 56 148 44 124 44 88 84 88
128 52 56 148 44 124 44 96 76 88
128 52 56 148 44 124 44 96 84 88
128 52 56 148 44 124 52 88 76 88
128 52 56 148 44 124 52 88 84 88
128 52 56 148 44 124 52 96 76 88
128 52 56 148 44 124 52 96 84 88
128 52 56 148 52 124 44 88 76 88
128 52 56 148 52 124 44 88 84 88
128 52 56 148 52 124 44 96 76 88
128 52 56 148 52 124 44 96 84 88
128 52 56 148 52 124 52 88 76 88
128 52 56 148 52 124 52 88 84 88
128 52 56 148 52 124 52 96 76 88
128 52 56 148 52 124 52 96 84 88
128 52 56 156 44 124 44 88 76 88
128 52 56 156 44 124 44 88 84 88
128 52 56 156 44 124 44 96 76 88
128 52 56 156 44 124 44 96 84 88
128 52 56 156 44 124 52 88 76 88
128 52 56 156 44 124 52 88 84 88
128 52 56 156 44 124 52 96 76 88
128 52 56 156 44 124 52 96 84 88
128 52 56 156 52 124 44 88 76 88
128 52 56 156 52 124 44 88 84 88
128 52 56 156 52 124 44 96 76 88
128 52 56 156 52 124 44 96 84 88
128 52 56 156 52 124 52 88 76 88
128 52 56 156 52 124 52 88 84 88
128 52 56 156 52 124 52 96 76 88
128 52 56 156 52 124 52 96 84 88
