128 44 48 148 44 44 124 88 76 88
128 44 48 148 44 44 124 88 80 88
128 44 48 148 44 44 124 88 84 88
128 44 48 148 44 44 124 92 76 88
128 44 48 148 44 44 124 92 80 88
128 44 48 148 44 44 124 92 84 88
128 44 48 148 44 44 124 96 76 88
128 44 48 148 44 44 124 96 80 88
128 44 48 148 44 44 124 96 84 88
128 44 48 148 44 48 124 88 76 88
128 44 48 148 44 48 124 88 80 88
128 44 48 148 44 48 124 88 84 88
128 44 48 148 44 48 124 92 76 88
128 44 48 148 44 48 124 92 80 88
128 44 48 148 44 48 124 92 84 88
128 44 48 148 44 48 124 96 76 88
128 44 48 148 44 48 124 96 80 88
128 44 48 148 44 48 124 96 84 88
128 44 48 148 44 52 124 88 76 88
128 44 48 148 44 52 124 88 80 88
128 44 48 148 44 52 124 88 84 88
128 44 48 148 44 52 124 92 76 88
128 44 48 148 44 52 124 92 80 88
128 44 48 148 44 52 124 92 84 88
128 44 48 148 44 52 124 96 76 88
128 44 48 148 44 52 124 96 80 88
128 44 48 148 44 52 124 96 84 88
128 44 48 148 48 44 124 88 76 88
128 44 48 148 48 44 124 88 80 88
128 44 48 148 48 44 124 88 84 88
128 44 48 148 48 44 124 92 76 88
128 44 48 148 48 44 124 92 80 88
128 44 48 148 48 44 124 92 84 88
128 44 48 148 48 44 124 96 76 88
128 44 48 148 48 44 124 96 80 88
128 44 48 148 48 44 124 96 84 88
128 44 48 148 48 48 124 88 76 88
128 44 48 148 48 48 124 88 80 88
128 44 48 148 48 48 124 88 84 88
128 44 48 148 48 48 124 92 76 88
128 44 48 148 48 48 124 92 80 88
128 44 48 148 48 48 124 92 84 88
128 44 48 148 48 48 124 96 76 88
128 44 48 148 48 48 124 96 80 88
128 44 48 148 48 48 124 96 84 88
128 44 48 148 48 52 124 88 76 88
128 44 48 148 48 52 124 88 80 88
128 44 48 148 48 52 124 88 84 88
128 44 48 148 48 52 124 92 76 88
128 44 48 148 48 52 124 92 80 88
128 44 48 148 48 52 124 92 84 88
128 44 48 148 48 52 124 96 76 88
128 44 48 148 48 52 124 96 80 88
128 44 48 148 48 52 124 96 84 88
128 44 48 148 52 44 124 88 76 88
128 44 48 148 52 44 124 88 80 88
128 44 48 148 52 44 124 88 84 88
128 44 48 148 52 44 124 92 76 88
128 44 48 148 52 44 124 92 80 88
128 44 48 148 52 44 124 92 84 88
128 44 48 148 52 44 124 96 76 88
128 44 48 148 52 44 124 96 80 88
128 44 48 148 52 44 124 96 84 88
128 44 48 148 52 48 124 88 76 88
128 44 48 148 52 48 124 88 80 88
128 44 48 148 52 48 124 88 84 88
128 44 48 148 52 48 124 92 76 88
128 44 48 148 52 48 124 92 80 88
128 44 48 148 52 48 124 92 84 88
128 44 48 148 52 48 124 96 76 88
128 44 48 148 52 48 124 96 80 88
128 44 48 148 52 48 124 96 84 88
128 44 48 148 52 52 124 88 76 88
128 44 48 148 52 52 124 88 80 88
128 44 48 148 52 52 124 88 84 88
128 44 48 148 52 52 124 92 76 88
128 44 48 148 52 52 124 92 80 88
128 44 48 148 52 52 124 92 84 88
128 44 48 148 52 52 124 96 76 88
128 44 48 148 52 52 124 96 80 88
128 44 48 148 52 52 124 96 84 88
128 44 48 152 44 44 124 88 76 88
128 44 48 152 44 44 124 88 80 88
128 44 48 152 44 44 124 88 84 88
128 44 48 152 44 44 124 92 76 88
128 44 48 152 44 44 124 92 80 88
128 44 48 152 44 44 124 92 84 88
128 44 48 152 44 44 124 96 76 88
128 44 48 152 44 44 124 96 80 88
128 44 48 152 44 44 124 96 84 88
128 44 48 152 44 48 124 88 76 88
128 44 48 152 44 48 124 88 80 88
128 44 48 152 44 48 124 88 84 88
128 44 48 152 44 48 124 92 76 88
128 44 48 152 44 48 124 92 80 88
128 44 48 152 44 48 124 92 84 88
128 44 48 152 44 48 124 96 76 88
128 44 48 152 44 48 124 96 80 88
128 44 48 152 44 48 124 96 84 88
128 44 48 152 44 52 124 88 76 88
128 44 48 152 44 52 124 88 80 88
128 44 48 152 44 52 124 88 84 88
128 44 48 152 44 52 124 92 76 88
128 44 48 152 44 52 124 92 80 88
128 44 48 152 44 52 124 92 84 88
128 44 48 152 44 52 124 96 76 88
128 44 48 152 44 52 124 96 80 88
128 44 48 152 44 52 124 96 84 88
128 44 48 152 48 44 124 88 76 88
128 44 48 152 48 44 124 88 80 88
128 44 48 152 48 44 124 88 84 88
128 44 48 152 48 44 124 92 76 88
128 44 48 152 48 44 124 92 80 88
128 44 48 152 48 44 124 92 84 88
128 44 48 152 48 44 124 96 76 88
128 44 48 152 48 44 124 96 80 88
128 44 48 152 48 44 124 96 84 88
128 44 48 152 48 48 124 88 76 88
128 44 48 152 48 48 124 88 80 88
128 44 48 152 48 48 124 88 84 88
128 44 48 152 48 48 124 92 76 88
128 44 48 152 48 48 124 92 80 88
128 44 48 152 48 48 124 92 84 88
128 44 48 152 48 48 124 96 76 88
128 44 48 152 48 48 124 96 80 88
128 44 48 152 48 48 124 96 84 88
128 44 48 152 48 52 124 88 76 88
128 44 48 152 48 52 124 88 80 88
128 44 48 152 48 52 124 88 84 88
128 44 48 152 48 52 124 92 76 88
128 44 48 152 48 52 124 92 80 88
128 44 48 152 48 52 124 92 84 88
128 44 48 152 48 52 124 96 76 88
128 44 48 152 48 52 124 96 80 88
128 44 48 152 48 52 124 96 84 88
128 44 48 152 52 44 124 88 76 88
128 44 48 152 52 44 124 88 80 88
128 44 48 152 52 44 124 88 84 88
128 44 48 152 52 44 124 92 76 88
128 44 48 152 52 44 124 92 80 88
128 44 48 152 52 44 124 92 84 88
128 44 48 152 52 44 124 96 76 88
128 44 48 152 52 44 124 96 80 88
128 44 48 152 52 44 124 96 84 88
128 44 48 152 52 48 124 88 76 88
128 44 48 152 52 48 124 88 80 88
128 44 48 152 52 48 124 88 84 88
128 44 48 152 52 48 124 92 76 88
128 44 48 152 52 48 124 92 80 88
128 44 48 152 52 48 124 92 84 88
128 44 48 152 52 48 124 96 76 88
128 44 48 152 52 48 124 96 80 88
128 44 48 152 52 48 124 96 84 88
128 44 48 152 52 52 124 88 76 88
128 44 48 152 52 52 124 88 80 88
128 44 48 152 52 52 124 88 84 88
128 44 48 152 52 52 124 92 76 88
128 44 48 152 52 52 124 92 80 88
128 44 48 152 52 52 124 92 84 88
128 44 48 152 52 52 124 96 76 88
128 44 48 152 52 52 124 96 80 88
128 44 48 152 52 52 124 96 84 88
128 44 48 156 44 44 124 88 76 88
128 44 48 156 44 44 124 88 80 88
128 44 48 156 44 44 124 88 84 88
128 44 48 156 44 44 124 92 76 88
128 44 48 156 44 44 124 92 80 88
128 44 48 156 44 44 124 92 84 88
128 44 48 156 44 44 124 96 76 88
128 44 48 156 44 44 124 96 80 88
128 44 48 156 44 44 124 96 84 88
128 44 48 156 44 48 124 88 76 88
128 44 48 156 44 48 124 88 80 88
128 44 48 156 44 48 124 88 84 88
128 44 48 156 44 48 124 92 76 88
128 44 48 156 44 48 124 92 80 88
128 44 48 156 44 48 124 92 84 88
128 44 48 156 44 48 124 96 76 88
128 44 48 156 44 48 124 96 80 88
128 44 48 156 44 48 124 96 84 88
128 44 48 156 44 52 124 88 76 88
128 44 48 156 44 52 124 88 80 88
128 44 48 156 44 52 124 88 84 88
128 44 48 156 44 52 124 92 76 88
128 44 48 156 44 52 124 92 80 88
128 44 48 156 44 52 124 92 84 88
128 44 48 156 44 52 124 96 76 88
128 44 48 156 44 52 124 96 80 88
128 44 48 156 44 52 124 96 84 88
128 44 48 156 48 44 124 88 76 88
128 44 48 156 48 44 124 88 80 88
128 44 48 156 48 44 124 88 84 88
128 44 48 156 48 44 124 92 76 88
128 44 48 156 48 44 124 92 80 88
128 44 48 156 48 44 124 92 84 88
128 44 48 156 48 44 124 96 76 88
128 44 48 156 48 44 124 96 80 88
128 44 48 156 48 44 124 96 84 88
128 44 48 156 48 48 124 88 76 88
128 44 48 156 48 48 124 88 80 88
128 44 48 156 48 48 124 88 84 88
128 44 48 156 48 48 124 92 76 88
128 44 48 156 48 48 124 92 80 88
128 44 48 156 48 48 124 92 84 88
128 44 48 156 48 48 124 96 76 88
128 44 48 156 48 48 124 96 80 88
128 44 48 156 48 48 124 96 84 88
128 44 48 156 48 52 124 88 76 88
128 44 48 156 48 52 124 88 80 88
128 44 48 156 48 52 124 88 84 88
128 44 48 156 48 52 124 92 76 88
128 44 48 156 48 52 124 92 80 88
128 44 48 156 48 52 124 92 84 88
128 44 48 156 48 52 124 96 76 88
128 44 48 156 48 52 124 96 80 88
128 44 48 156 48 52 124 96 84 88
128 44 48 156 52 44 124 88 76 88
128 44 48 156 52 44 124 88 80 88
128 44 48 156 52 44 124 88 84 88
128 44 48 156 52 44 124 92 76 88
128 44 48 156 52 44 124 92 80 88
128 44 48 156 52 44 124 92 84 88
128 44 48 156 52 44 124 96 76 88
128 44 48 156 52 44 124 96 80 88
128 44 48 156 52 44 124 96 84 88
128 44 48 156 52 48 124 88 76 88
128 44 48 156 52 48 124 88 80 88
128 44 48 156 52 48 124 88 84 88
128 44 48 156 52 48 124 92 76 88
128 44 48 156 52 48 124 92 80 88
128 44 48 156 52 48 124 92 84 88
128 44 48 156 52 48 124 96 76 88
128 44 48 156 52 48 124 96 80 88
128 44 48 156 52 48 124 96 84 88
128 44 48 156 52 52 124 88 76 88
128 44 48 156 52 52 124 88 80 88
128 44 48 156 52 52 124 88 84 88
128 44 48 156 52 52 124 92 76 88
128 44 48 156 52 52 124 92 80 88
128 44 48 156 52 52 124 92 84 88
128 44 48 156 52 52 124 96 76 88
128 44 48 156 52 52 124 96 80 88
128 44 48 156 52 52 124 96 84 88
128 44 52 148 44 44 124 88 76 88
128 44 52 148 44 44 124 88 80 88
128 44 52 148 44 44 124 88 84 88
128 44 52 148 44 44 124 92 76 88
128 44 52 148 44 44 124 92 80 88
128 44 52 148 44 44 124 92 84 88
128 44 52 148 44 44 124 96 76 88
128 44 52 148 44 44 124 96 80 88
128 44 52 148 44 44 124 96 84 88
128 44 52 148 44 48 124 88 76 88
128 44 52 148 44 48 124 88 80 88
128 44 52 148 44 48 124 88 84 88
128 44 52 148 44 48 124 92 76 88
128 44 52 148 44 48 124 92 80 88
128 44 52 148 44 48 124 92 84 88
128 44 52 148 44 48 124 96 76 88
128 44 52 148 44 48 124 96 80 88
128 44 52 148 44 48 124 96 84 88
128 44 52 148 44 52 124 88 76 88
128 44 52 148 44 52 124 88 80 88
128 44 52 148 44 52 124 88 84 88
128 44 52 148 44 52 124 92 76 88
128 44 52 148 44 52 124 92 80 88
128 44 52 148 44 52 124 92 84 88
128 44 52 148 44 52 124 96 76 88
128 44 52 148 44 52 124 96 80 88
128 44 52 148 44 52 124 96 84 88
128 44 52 148 48 44 124 88 76 88
128 44 52 148 48 44 124 88 80 88
128 44 52 148 48 44 124 88 84 88
128 44 52 148 48 44 124 92 76 88
128 44 52 148 48 44 124 92 80 88
128 44 52 148 48 44 124 92 84 88
128 44 52 148 48 44 124 96 76 88
128 44 52 148 48 44 124 96 80 88
128 44 52 148 48 44 124 96 84 88
128 44 52 148 48 48 124 88 76 88
128 44 52 148 48 48 124 88 80 88
128 44 52 148 48 48 124 88 84 88
128 44 52 148 48 48 124 92 76 88
128 44 52 148 48 48 124 92 80 88
128 44 52 148 48 48 124 92 84 88
128 44 52 148 48 48 124 96 76 88
128 44 52 148 48 48 124 96 80 88
128 44 52 148 48 48 124 96 84 88
128 44 52 148 48 52 124 88 76 88
128 44 52 148 48 52 124 88 80 88
128 44 52 148 48 52 124 88 84 88
128 44 52 148 48 52 124 92 76 88
128 44 52 148 48 52 124 92 80 88
128 44 52 148 48 52 124 92 84 88
128 44 52 148 48 52 124 96 76 88
128 44 52 148 48 52 124 96 80 88
128 44 52 148 48 52 124 96 84 88
128 44 52 148 52 44 124 88 76 88
128 44 52 148 52 44 124 88 80 88
128 44 52 148 52 44 124 88 84 88
128 44 52 148 52 44 124 92 76 88
128 44 52 148 52 44 124 92 80 88
128 44 52 148 52 44 124 92 84 88
128 44 52 148 52 44 124 96 76 88
128 44 52 148 52 44 124 96 80 88
128 44 52 148 52 44 124 96 84 88
128 44 52 148 52 48 124 88 76 88
128 44 52 148 52 48 124 88 80 88
128 44 52 148 52 48 124 88 84 88
128 44 52 148 52 48 124 92 76 88
128 44 52 148 52 48 124 92 80 88
128 44 52 148 52 48 124 92 84 88
128 44 52 148 52 48 124 96 76 88
128 44 52 148 52 48 124 96 80 88
128 44 52 148 52 48 124 96 84 88
128 44 52 148 52 52 124 88 76 88
128 44 52 148 52 52 124 88 80 88
128 44 52 148 52 52 124 88 84 88
128 44 52 148 52 52 124 92 76 88
128 44 52 148 52 52 124 92 80 88
128 44 52 148 52 52 124 92 84 88
128 44 52 148 52 52 124 96 76 88
128 44 52 148 52 52 124 96 80 88
128 44 52 148 52 52 124 96 84 88
128 44 52 152 44 44 124 88 76 88
128 44 52 152 44 44 124 88 80 88
128 44 52 152 44 44 124 88 84 88
128 44 52 152 44 44 124 92 76 88
128 44 52 152 44 44 124 92 80 88
128 44 52 152 44 44 124 92 84 88
128 44 52 152 44 44 124 96 76 88
128 44 52 152 44 44 124 96 80 88
128 44 52 152 44 44 124 96 84 88
128 44 52 152 44 48 124 88 76 88
128 44 52 152 44 48 124 88 80 88
128 44 52 152 44 48 124 88 84 88
128 44 52 152 44 48 124 92 76 88
128 44 52 152 44 48 124 92 80 88
128 44 52 152 44 48 124 92 84 88
128 44 52 152 44 48 124 96 76 88
128 44 52 152 44 48 124 96 80 88
128 44 52 152 44 48 124 96 84 88
128 44 52 152 44 52 124 88 76 88
128 44 52 152 44 52 124 88 80 88
128 44 52 152 44 52 124 88 84 88
128 44 52 152 44 52 124 92 76 88
128 44 52 152 44 52 124 92 80 88
128 44 52 152 44 52 124 92 84 88
128 44 52 152 44 52 124 96 76 88
128 44 52 152 44 52 124 96 80 88
128 44 52 152 44 52 124 96 84 88
128 44 52 152 48 44 124 88 76 88
128 44 52 152 48 44 124 88 80 88
128 44 52 152 48 44 124 88 84 88
128 44 52 152 48 44 124 92 76 88
128 44 52 152 48 44 124 92 80 88
128 44 52 152 48 44 124 92 84 88
128 44 52 152 48 44 124 96 76 88
128 44 52 152 48 44 124 96 80 88
128 44 52 152 48 44 124 96 84 88
128 44 52 152 48 48 124 88 76 88
128 44 52 152 48 48 124 88 80 88
128 44 52 152 48 48 124 88 84 88
128 44 52 152 48 48 124 92 76 88
128 44 52 152 48 48 124 92 80 88
128 44 52 152 48 48 124 92 84 88
128 44 52 152 48 48 124 96 76 88
128 44 52 152 48 48 124 96 80 88
128 44 52 152 48 48 124 96 84 88
128 44 52 152 48 52 124 88 76 88
128 44 52 152 48 52 124 88 80 88
128 44 52 152 48 52 124 88 84 88
128 44 52 152 48 52 124 92 76 88
128 44 52 152 48 52 124 92 80 88
128 44 52 152 48 52 124 92 84 88
128 44 52 152 48 52 124 96 76 88
128 44 52 152 48 52 124 96 80 88
128 44 52 152 48 52 124 96 84 88
128 44 52 152 52 44 124 88 76 88
128 44 52 152 52 44 124 88 80 88
128 44 52 152 52 44 124 88 84 88
128 44 52 152 52 44 124 92 76 88
128 44 52 152 52 44 124 92 80 88
128 44 52 152 52 44 124 92 84 88
128 44 52 152 52 44 124 96 76 88
128 44 52 152 52 44 124 96 80 88
128 44 52 152 52 44 124 96 84 88
128 44 52 152 52 48 124 88 76 88
128 44 52 152 52 48 124 88 80 88
128 44 52 152 52 48 124 88 84 88
128 44 52 152 52 48 124 92 76 88
128 44 52 152 52 48 124 92 80 88
128 44 52 152 52 48 124 92 84 88
128 44 52 152 52 48 124 96 76 88
128 44 52 152 52 48 124 96 80 88
128 44 52 152 52 48 124 96 84 88
128 44 52 152 52 52 124 88 76 88
128 44 52 152 52 52 124 88 80 88
128 44 52 152 52 52 124 88 84 88
128 44 52 152 52 52 124 92 76 88
128 44 52 152 52 52 124 92 80 88
128 44 52 152 52 52 124 92 84 88
128 44 52 152 52 52 124 96 76 88
128 44 52 152 52 52 124 96 80 88
128 44 52 152 52 52 124 96 84 88
128 44 52 156 44 44 124 88 76 88
128 44 52 156 44 44 124 88 80 88
128 44 52 156 44 44 124 88 84 88
128 44 52 156 44 44 124 92 76 88
128 44 52 156 44 44 124 92 80 88
128 44 52 156 44 44 124 92 84 88
128 44 52 156 44 44 124 96 76 88
128 44 52 156 44 44 124 96 80 88
128 44 52 156 44 44 124 96 84 88
128 44 52 156 44 48 124 88 76 88
128 44 52 156 44 48 124 88 80 88
128 44 52 156 44 48 124 88 84 88
128 44 52 156 44 48 124 92 76 88
128 44 52 156 44 48 124 92 80 88
128 44 52 156 44 48 124 92 84 88
128 44 52 156 44 48 124 96 76 88
128 44 52 156 44 48 124 96 80 88
128 44 52 156 44 48 124 96 84 88
128 44 52 156 44 52 124 88 76 88
128 44 52 156 44 52 124 88 80 88
128 44 52 156 44 52 124 88 84 88
128 44 52 156 44 52 124 92 76 88
128 44 52 156 44 52 124 92 80 88
128 44 52 156 44 52 124 92 84 88
128 44 52 156 44 52 124 96 76 88
128 44 52 156 44 52 124 96 80 88
128 44 52 156 44 52 124 96 84 88
128 44 52 156 48 44 124 88 76 88
128 44 52 156 48 44 124 88 80 88
128 44 52 156 48 44 124 88 84 88
128 44 52 156 48 44 124 92 76 88
128 44 52 156 48 44 124 92 80 88
128 44 52 156 48 44 124 92 84 88
128 44 52 156 48 44 124 96 76 88
128 44 52 156 48 44 124 96 80 88
128 44 52 156 48 44 124 96 84 88
128 44 52 156 48 48 124 88 76 88
128 44 52 156 48 48 124 88 80 88
128 44 52 156 48 48 124 88 84 88
128 44 52 156 48 48 124 92 76 88
128 44 52 156 48 48 124 92 80 88
128 44 52 156 48 48 124 92 84 88
128 44 52 156 48 48 124 96 76 88
128 44 52 156 48 48 124 96 80 88
128 44 52 156 48 48 124 96 84 88
128 44 52 156 48 52 124 88 76 88
128 44 52 156 48 52 124 88 80 88
128 44 52 156 48 52 124 88 84 88
128 44 52 156 48 52 124 92 76 88
128 44 52 156 48 52 124 92 80 88
128 44 52 156 48 52 124 92 84 88
128 44 52 156 48 52 124 96 76 88
128 44 52 156 48 52 124 96 80 88
128 44 52 156 48 52 124 96 84 88
128 44 52 156 52 44 124 88 76 88
128 44 52 156 52 44 124 88 80 88
128 44 52 156 52 44 124 88 84 88
128 44 52 156 52 44 124 92 76 88
128 44 52 156 52 44 124 92 80 88
128 44 52 156 52 44 124 92 84 88
128 44 52 156 52 44 124 96 76 88
128 44 52 156 52 44 124 96 80 88
128 44 52 156 52 44 124 96 84 88
128 44 52 156 52 48 124 88 76 88
128 44 52 156 52 48 124 88 80 88
128 44 52 156 52 48 124 88 84 88
128 44 52 156 52 48 124 92 76 88
128 44 52 156 52 48 124 92 80 88
128 44 52 156 52 48 124 92 84 88
128 44 52 156 52 48 124 96 76 88
128 44 52 156 52 48 124 96 80 88
128 44 52 156 52 48 124 96 84 88
128 44 52 156 52 52 124 88 76 88
128 44 52 156 52 52 124 88 80 88
128 44 52 156 52 52 124 88 84 88
128 44 52 156 52 52 124 92 76 88
128 44 52 156 52 52 124 92 80 88
128 44 52 156 52 52 124 92 84 88
128 44 52 156 52 52 124 96 76 88
128 44 52 156 52 52 124 96 80 88
128 44 52 156 52 52 124 96 84 88
128 44 56 148 44 44 124 88 76 88
128 44 56 148 44 44 124 88 80 88
128 44 56 148 44 44 124 88 84 88
128 44 56 148 44 44 124 92 76 88
128 44 56 148 44 44 124 92 80 88
128 44 56 148 44 44 124 92 84 88
128 44 56 148 44 44 124 96 76 88
128 44 56 148 44 44 124 96 80 88
128 44 56 148 44 44 124 96 84 88
128 44 56 148 44 48 124 88 76 88
128 44 56 148 44 48 124 88 80 88
128 44 56 148 44 48 124 88 84 88
128 44 56 148 44 48 124 92 76 88
128 44 56 148 44 48 124 92 80 88
128 44 56 148 44 48 124 92 84 88
128 44 56 148 44 48 124 96 76 88
128 44 56 148 44 48 124 96 80 88
128 44 56 148 44 48 124 96 84 88
128 44 56 148 44 52 124 88 76 88
128 44 56 148 44 52 124 88 80 88
128 44 56 148 44 52 124 88 84 88
128 44 56 148 44 52 124 92 76 88
128 44 56 148 44 52 124 92 80 88
128 44 56 148 44 52 124 92 84 88
128 44 56 148 44 52 124 96 76 88
128 44 56 148 44 52 124 96 80 88
128 44 56 148 44 52 124 96 84 88
128 44 56 148 48 44 124 88 76 88
128 44 56 148 48 44 124 88 80 88
128 44 56 148 48 44 124 88 84 88
128 44 56 148 48 44 124 92 76 88
128 44 56 148 48 44 124 92 80 88
128 44 56 148 48 44 124 92 84 88
128 44 56 148 48 44 124 96 76 88
128 44 56 148 48 44 124 96 80 88
128 44 56 148 48 44 124 96 84 88
128 44 56 148 48 48 124 88 76 88
128 44 56 148 48 48 124 88 80 88
128 44 56 148 48 48 124 88 84 88
128 44 56 148 48 48 124 92 76 88
128 44 56 148 48 48 124 92 80 88
128 44 56 148 48 48 124 92 84 88
128 44 56 148 48 48 124 96 76 88
128 44 56 148 48 48 124 96 80 88
128 44 56 148 48 48 124 96 84 88
128 44 56 148 48 52 124 88 76 88
128 44 56 148 48 52 124 88 80 88
128 44 56 148 48 52 124 88 84 88
128 44 56 148 48 52 124 92 76 88
128 44 56 148 48 52 124 92 80 88
128 44 56 148 48 52 124 92 84 88
128 44 56 148 48 52 124 96 76 88
128 44 56 148 48 52 124 96 80 88
128 44 56 148 48 52 124 96 84 88
128 44 56 148 52 44 124 88 76 88
128 44 56 148 52 44 124 88 80 88
128 44 56 148 52 44 124 88 84 88
128 44 56 148 52 44 124 92 76 88
128 44 56 148 52 44 124 92 80 88
128 44 56 148 52 44 124 92 84 88
128 44 56 148 52 44 124 96 76 88
128 44 56 148 52 44 124 96 80 88
128 44 56 148 52 44 124 96 84 88
128 44 56 148 52 48 124 88 76 88
128 44 56 148 52 48 124 88 80 88
128 44 56 148 52 48 124 88 84 88
128 44 56 148 52 48 124 92 76 88
128 44 56 148 52 48 124 92 80 88
128 44 56 148 52 48 124 92 84 88
128 44 56 148 52 48 124 96 76 88
128 44 56 148 52 48 124 96 80 88
128 44 56 148 52 48 124 96 84 88
128 44 56 148 52 52 124 88 76 88
128 44 56 148 52 52 124 88 80 88
128 44 56 148 52 52 124 88 84 88
128 44 56 148 52 52 124 92 76 88
128 44 56 148 52 52 124 92 80 88
128 44 56 148 52 52 124 92 84 88
128 44 56 148 52 52 124 96 76 88
128 44 56 148 52 52 124 96 80 88
128 44 56 148 52 52 124 96 84 88
128 44 56 152 44 44 124 88 76 88
128 44 56 152 44 44 124 88 80 88
128 44 56 152 44 44 124 88 84 88
128 44 56 152 44 44 124 92 76 88
128 44 56 152 44 44 124 92 80 88
128 44 56 152 44 44 124 92 84 88
128 44 56 152 44 44 124 96 76 88
128 44 56 152 44 44 124 96 80 88
128 44 56 152 44 44 124 96 84 88
128 44 56 152 44 48 124 88 76 88
128 44 56 152 44 48 124 88 80 88
128 44 56 152 44 48 124 88 84 88
128 44 56 152 44 48 124 92 76 88
128 44 56 152 44 48 124 92 80 88
128 44 56 152 44 48 124 92 84 88
128 44 56 152 44 48 124 96 76 88
128 44 56 152 44 48 124 96 80 88
128 44 56 152 44 48 124 96 84 88
128 44 56 152 44 52 124 88 76 88
128 44 56 152 44 52 124 88 80 88
128 44 56 152 44 52 124 88 84 88
128 44 56 152 44 52 124 92 76 88
128 44 56 152 44 52 124 92 80 88
128 44 56 152 44 52 124 92 84 88
128 44 56 152 44 52 124 96 76 88
128 44 56 152 44 52 124 96 80 88
128 44 56 152 44 52 124 96 84 88
128 44 56 152 48 44 124 88 76 88
128 44 56 152 48 44 124 88 80 88
128 44 56 152 48 44 124 88 84 88
128 44 56 152 48 44 124 92 76 88
128 44 56 152 48 44 124 92 80 88
128 44 56 152 48 44 124 92 84 88
128 44 56 152 48 44 124 96 76 88
128 44 56 152 48 44 124 96 80 88
128 44 56 152 48 44 124 96 84 88
128 44 56 152 48 48 124 88 76 88
128 44 56 152 48 48 124 88 80 88
128 44 56 152 48 48 124 88 84 88
128 44 56 152 48 48 124 92 76 88
128 44 56 152 48 48 124 92 80 88
128 44 56 152 48 48 124 92 84 88
128 44 56 152 48 48 124 96 76 88
128 44 56 152 48 48 124 96 80 88
128 44 56 152 48 48 124 96 84 88
128 44 56 152 48 52 124 88 76 88
128 44 56 152 48 52 124 88 80 88
128 44 56 152 48 52 124 88 84 88
128 44 56 152 48 52 124 92 76 88
128 44 56 152 48 52 124 92 80 88
128 44 56 152 48 52 124 92 84 88
128 44 56 152 48 52 124 96 76 88
128 44 56 152 48 52 124 96 80 88
128 44 56 152 48 52 124 96 84 88
128 44 56 152 52 44 124 88 76 88
128 44 56 152 52 44 124 88 80 88
128 44 56 152 52 44 124 88 84 88
128 44 56 152 52 44 124 92 76 88
128 44 56 152 52 44 124 92 80 88
128 44 56 152 52 44 124 92 84 88
128 44 56 152 52 44 124 96 76 88
128 44 56 152 52 44 124 96 80 88
128 44 56 152 52 44 124 96 84 88
128 44 56 152 52 48 124 88 76 88
128 44 56 152 52 48 124 88 80 88
128 44 56 152 52 48 124 88 84 88
128 44 56 152 52 48 124 92 76 88
128 44 56 152 52 48 124 92 80 88
128 44 56 152 52 48 124 92 84 88
128 44 56 152 52 48 124 96 76 88
128 44 56 152 52 48 124 96 80 88
128 44 56 152 52 48 124 96 84 88
128 44 56 152 52 52 124 88 76 88
128 44 56 152 52 52 124 88 80 88
128 44 56 152 52 52 124 88 84 88
128 44 56 152 52 52 124 92 76 88
128 44 56 152 52 52 124 92 80 88
128 44 56 152 52 52 124 92 84 88
128 44 56 152 52 52 124 96 76 88
128 44 56 152 52 52 124 96 80 88
128 44 56 152 52 52 124 96 84 88
128 44 56 156 44 44 124 88 76 88
128 44 56 156 44 44 124 88 80 88
128 44 56 156 44 44 124 88 84 88
128 44 56 156 44 44 124 92 76 88
128 44 56 156 44 44 124 92 80 88
128 44 56 156 44 44 124 92 84 88
128 44 56 156 44 44 124 96 76 88
128 44 56 156 44 44 124 96 80 88
128 44 56 156 44 44 124 96 84 88
128 44 56 156 44 48 124 88 76 88
128 44 56 156 44 48 124 88 80 88
128 44 56 156 44 48 124 88 84 88
128 44 56 156 44 48 124 92 76 88
128 44 56 156 44 48 124 92 80 88
128 44 56 156 44 48 124 92 84 88
128 44 56 156 44 48 124 96 76 88
128 44 56 156 44 48 124 96 80 88
128 44 56 156 44 48 124 96 84 88
128 44 56 156 44 52 124 88 76 88
128 44 56 156 44 52 124 88 80 88
128 44 56 156 44 52 124 88 84 88
128 44 56 156 44 52 124 92 76 88
128 44 56 156 44 52 124 92 80 88
128 44 56 156 44 52 124 92 84 88
128 44 56 156 44 52 124 96 76 88
128 44 56 156 44 52 124 96 80 88
128 44 56 156 44 52 124 96 84 88
128 44 56 156 48 44 124 88 76 88
128 44 56 156 48 44 124 88 80 88
128 44 56 156 48 44 124 88 84 88
128 44 56 156 48 44 124 92 76 88
128 44 56 156 48 44 124 92 80 88
128 44 56 156 48 44 124 92 84 88
128 44 56 156 48 44 124 96 76 88
128 44 56 156 48 44 124 96 80 88
128 44 56 156 48 44 124 96 84 88
128 44 56 156 48 48 124 88 76 88
128 44 56 156 48 48 124 88 80 88
128 44 56 156 48 48 124 88 84 88
128 44 56 156 48 48 124 92 76 88
128 44 56 156 48 48 124 92 80 88
128 44 56 156 48 48 124 92 84 88
128 44 56 156 48 48 124 96 76 88
128 44 56 156 48 48 124 96 80 88
128 44 56 156 48 48 124 96 84 88
128 44 56 156 48 52 124 88 76 88
128 44 56 156 48 52 124 88 80 88
128 44 56 156 48 52 124 88 84 88
128 44 56 156 48 52 124 92 76 88
128 44 56 156 48 52 124 92 80 88
128 44 56 156 48 52 124 92 84 88
128 44 56 156 48 52 124 96 76 88
128 44 56 156 48 52 124 96 80 88
128 44 56 156 48 52 124 96 84 88
128 44 56 156 52 44 124 88 76 88
128 44 56 156 52 44 124 88 80 88
128 44 56 156 52 44 124 88 84 88
128 44 56 156 52 44 124 92 76 88
128 44 56 156 52 44 124 92 80 88
128 44 56 156 52 44 124 92 84 88
128 44 56 156 52 44 124 96 76 88
128 44 56 156 52 44 124 96 80 88
128 44 56 156 52 44 124 96 84 88
128 44 56 156 52 48 124 88 76 88
128 44 56 156 52 48 124 88 80 88
128 44 56 156 52 48 124 88 84 88
128 44 56 156 52 48 124 92 76 88
128 44 56 156 52 48 124 92 80 88
128 44 56 156 52 48 124 92 84 88
128 44 56 156 52 48 124 96 76 88
128 44 56 156 52 48 124 96 80 88
128 44 56 156 52 48 124 96 84 88
128 44 56 156 52 52 124 88 76 88
128 44 56 156 52 52 124 88 80 88
128 44 56 156 52 52 124 88 84 88
128 44 56 156 52 52 124 92 76 88
128 44 56 156 52 52 124 92 80 88
128 44 56 156 52 52 124 92 84 88
128 44 56 156 52 52 124 96 76 88
128 44 56 156 52 52 124 96 80 88
128 44 56 156 52 52 124 96 84 88
