128 44 44 144 40 40 124 84 72 88
128 44 44 144 40 40 124 84 80 88
128 44 44 144 40 40 124 84 88 88
128 44 44 144 40 40 124 92 72 88
128 44 44 144 40 40 124 92 80 88
128 44 44 144 40 40 124 92 88 88
128 44 44 144 40 40 124 100 72 88
128 44 44 144 40 40 124 100 80 88
128 44 44 144 40 40 124 100 88 88
128 44 44 144 40 48 124 84 72 88
128 44 44 144 40 48 124 84 80 88
128 44 44 144 40 48 124 84 88 88
128 44 44 144 40 48 124 92 72 88
128 44 44 144 40 48 124 92 80 88
128 44 44 144 40 48 124 92 88 88
128 44 44 144 40 48 124 100 72 88
128 44 44 144 40 48 124 100 80 88
128 44 44 144 40 48 124 100 88 88
128 44 44 144 40 56 124 84 72 88
128 44 44 144 40 56 124 84 80 88
128 44 44 144 40 56 124 84 88 88
128 44 44 144 40 56 124 92 72 88
128 44 44 144 40 56 124 92 80 88
128 44 44 144 40 56 124 92 88 88
128 44 44 144 40 56 124 100 72 88
128 44 44 144 40 56 124 100 80 88
128 44 44 144 40 56 124 100 88 88
128 44 44 144 48 40 124 84 72 88
128 44 44 144 48 40 124 84 80 88
128 44 44 144 48 40 124 84 88 88
128 44 44 144 48 40 124 92 72 88
128 44 44 144 48 40 124 92 80 88
128 44 44 144 48 40 124 92 88 88
128 44 44 144 48 40 124 100 72 88
128 44 44 144 48 40 124 100 80 88
128 44 44 144 48 40 124 100 88 88
128 44 44 144 48 48 124 84 72 88
128 44 44 144 48 48 124 84 80 88
128 44 44 144 48 48 124 84 88 88
128 44 44 144 48 48 124 92 72 88
128 44 44 144 48 48 124 92 80 88
128 44 44 144 48 48 124 92 88 88
128 44 44 144 48 48 124 100 72 88
128 44 44 144 48 48 124 100 80 88
128 44 44 144 48 48 124 100 88 88
128 44 44 144 48 56 124 84 72 88
128 44 44 144 48 56 124 84 80 88
128 44 44 144 48 56 124 84 88 88
128 44 44 144 48 56 124 92 72 88
128 44 44 144 48 56 124 92 80 88
128 44 44 144 48 56 124 92 88 88
128 44 44 144 48 56 124 100 72 88
128 44 44 144 48 56 124 100 80 88
128 44 44 144 48 56 124 100 88 88
128 44 44 144 56 40 124 84 72 88
128 44 44 144 56 40 124 84 80 88
128 44 44 144 56 40 124 84 88 88
128 44 44 144 56 40 124 92 72 88
128 44 44 144 56 40 124 92 80 88
128 44 44 144 56 40 124 92 88 88
128 44 44 144 56 40 124 100 72 88
128 44 44 144 56 40 124 100 80 88
128 44 44 144 56 40 124 100 88 88
128 44 44 144 56 48 124 84 72 88
128 44 44 144 56 48 124 84 80 88
128 44 44 144 56 48 124 84 88 88
128 44 44 144 56 48 124 92 72 88
128 44 44 144 56 48 124 92 80 88
128 44 44 144 56 48 124 92 88 88
128 44 44 144 56 48 124 100 72 88
128 44 44 144 56 48 124 100 80 88
128 44 44 144 56 48 124 100 88 88
128 44 44 144 56 56 124 84 72 88
128 44 44 144 56 56 124 84 80 88
128 44 44 144 56 56 124 84 88 88
128 44 44 144 56 56 124 92 72 88
128 44 44 144 56 56 124 92 80 88
128 44 44 144 56 56 124 92 88 88
128 44 44 144 56 56 124 100 72 88
128 44 44 144 56 56 124 100 80 88
128 44 44 144 56 56 124 100 88 88
128 44 44 152 40 40 124 84 72 88
128 44 44 152 40 40 124 84 80 88
128 44 44 152 40 40 124 84 88 88
128 44 44 152 40 40 124 92 72 88
128 44 44 152 40 40 124 92 80 88
128 44 44 152 40 40 124 92 88 88
128 44 44 152 40 40 124 100 72 88
128 44 44 152 40 40 124 100 80 88
128 44 44 152 40 40 124 100 88 88
128 44 44 152 40 48 124 84 72 88
128 44 44 152 40 48 124 84 80 88
128 44 44 152 40 48 124 84 88 88
128 44 44 152 40 48 124 92 72 88
128 44 44 152 40 48 124 92 80 88
128 44 44 152 40 48 124 92 88 88
128 44 44 152 40 48 124 100 72 88
128 44 44 152 40 48 124 100 80 88
128 44 44 152 40 48 124 100 88 88
128 44 44 152 40 56 124 84 72 88
128 44 44 152 40 56 124 84 80 88
128 44 44 152 40 56 124 84 88 88
128 44 44 152 40 56 124 92 72 88
128 44 44 152 40 56 124 92 80 88
128 44 44 152 40 56 124 92 88 88
128 44 44 152 40 56 124 100 72 88
128 44 44 152 40 56 124 100 80 88
128 44 44 152 40 56 124 100 88 88
128 44 44 152 48 40 124 84 72 88
128 44 44 152 48 40 124 84 80 88
128 44 44 152 48 40 124 84 88 88
128 44 44 152 48 40 124 92 72 88
128 44 44 152 48 40 124 92 80 88
128 44 44 152 48 40 124 92 88 88
128 44 44 152 48 40 124 100 72 88
128 44 44 152 48 40 124 100 80 88
128 44 44 152 48 40 124 100 88 88
128 44 44 152 48 48 124 84 72 88
128 44 44 152 48 48 124 84 80 88
128 44 44 152 48 48 124 84 88 88
128 44 44 152 48 48 124 92 72 88
128 44 44 152 48 48 124 92 80 88
128 44 44 152 48 48 124 92 88 88
128 44 44 152 48 48 124 100 72 88
128 44 44 152 48 48 124 100 80 88
128 44 44 152 48 48 124 100 88 88
128 44 44 152 48 56 124 84 72 88
128 44 44 152 48 56 124 84 80 88
128 44 44 152 48 56 124 84 88 88
128 44 44 152 48 56 124 92 72 88
128 44 44 152 48 56 124 92 80 88
128 44 44 152 48 56 124 92 88 88
128 44 44 152 48 56 124 100 72 88
128 44 44 152 48 56 124 100 80 88
128 44 44 152 48 56 124 100 88 88
128 44 44 152 56 40 124 84 72 88
128 44 44 152 56 40 124 84 80 88
128 44 44 152 56 40 124 84 88 88
128 44 44 152 56 40 124 92 72 88
128 44 44 152 56 40 124 92 80 88
128 44 44 152 56 40 124 92 88 88
128 44 44 152 56 40 124 100 72 88
128 44 44 152 56 40 124 100 80 88
128 44 44 152 56 40 124 100 88 88
128 44 44 152 56 48 124 84 72 88
128 44 44 152 56 48 124 84 80 88
128 44 44 152 56 48 124 84 88 88
128 44 44 152 56 48 124 92 72 88
128 44 44 152 56 48 124 92 80 88
128 44 44 152 56 48 124 92 88 88
128 44 44 152 56 48 124 100 72 88
128 44 44 152 56 48 124 100 80 88
128 44 44 152 56 48 124 100 88 88
128 44 44 152 56 56 124 84 72 88
128 44 44 152 56 56 124 84 80 88
128 44 44 152 56 56 124 84 88 88
128 44 44 152 56 56 124 92 72 88
128 44 44 152 56 56 124 92 80 88
128 44 44 152 56 56 124 92 88 88
128 44 44 152 56 56 124 100 72 88
128 44 44 152 56 56 124 100 80 88
128 44 44 152 56 56 124 100 88 88
128 44 44 160 40 40 124 84 72 88
128 44 44 160 40 40 124 84 80 88
128 44 44 160 40 40 124 84 88 88
128 44 44 160 40 40 124 92 72 88
128 44 44 160 40 40 124 92 80 88
128 44 44 160 40 40 124 92 88 88
128 44 44 160 40 40 124 100 72 88
128 44 44 160 40 40 124 100 80 88
128 44 44 160 40 40 124 100 88 88
128 44 44 160 40 48 124 84 72 88
128 44 44 160 40 48 124 84 80 88
128 44 44 160 40 48 124 84 88 88
128 44 44 160 40 48 124 92 72 88
128 44 44 160 40 48 124 92 80 88
128 44 44 160 40 48 124 92 88 88
128 44 44 160 40 48 124 100 72 88
128 44 44 160 40 48 124 100 80 88
128 44 44 160 40 48 124 100 88 88
128 44 44 160 40 56 124 84 72 88
128 44 44 160 40 56 124 84 80 88
128 44 44 160 40 56 124 84 88 88
128 44 44 160 40 56 124 92 72 88
128 44 44 160 40 56 124 92 80 88
128 44 44 160 40 56 124 92 88 88
128 44 44 160 40 56 124 100 72 88
128 44 44 160 40 56 124 100 80 88
128 44 44 160 40 56 124 100 88 88
128 44 44 160 48 40 124 84 72 88
128 44 44 160 48 40 124 84 80 88
128 44 44 160 48 40 124 84 88 88
128 44 44 160 48 40 124 92 72 88
128 44 44 160 48 40 124 92 80 88
128 44 44 160 48 40 124 92 88 88
128 44 44 160 48 40 124 100 72 88
128 44 44 160 48 40 124 100 80 88
128 44 44 160 48 40 124 100 88 88
128 44 44 160 48 48 124 84 72 88
128 44 44 160 48 48 124 84 80 88
128 44 44 160 48 48 124 84 88 88
128 44 44 160 48 48 124 92 72 88
128 44 44 160 48 48 124 92 80 88
128 44 44 160 48 48 124 92 88 88
128 44 44 160 48 48 124 100 72 88
128 44 44 160 48 48 124 100 80 88
128 44 44 160 48 48 124 100 88 88
128 44 44 160 48 56 124 84 72 88
128 44 44 160 48 56 124 84 80 88
128 44 44 160 48 56 124 84 88 88
128 44 44 160 48 56 124 92 72 88
128 44 44 160 48 56 124 92 80 88
128 44 44 160 48 56 124 92 88 88
128 44 44 160 48 56 124 100 72 88
128 44 44 160 48 56 124 100 80 88
128 44 44 160 48 56 124 100 88 88
128 44 44 160 56 40 124 84 72 88
128 44 44 160 56 40 124 84 80 88
128 44 44 160 56 40 124 84 88 88
128 44 44 160 56 40 124 92 72 88
128 44 44 160 56 40 124 92 80 88
128 44 44 160 56 40 124 92 88 88
128 44 44 160 56 40 124 100 72 88
128 44 44 160 56 40 124 100 80 88
128 44 44 160 56 40 124 100 88 88
128 44 44 160 56 48 124 84 72 88
128 44 44 160 56 48 124 84 80 88
128 44 44 160 56 48 124 84 88 88
128 44 44 160 56 48 124 92 72 88
128 44 44 160 56 48 124 92 80 88
128 44 44 160 56 48 124 92 88 88
128 44 44 160 56 48 124 100 72 88
128 44 44 160 56 48 124 100 80 88
128 44 44 160 56 48 124 100 88 88
128 44 44 160 56 56 124 84 72 88
128 44 44 160 56 56 124 84 80 88
128 44 44 160 56 56 124 84 88 88
128 44 44 160 56 56 124 92 72 88
128 44 44 160 56 56 124 92 80 88
128 44 44 160 56 56 124 92 88 88
128 44 44 160 56 56 124 100 72 88
128 44 44 160 56 56 124 100 80 88
128 44 44 160 56 56 124 100 88 88
128 44 52 144 40 40 124 84 72 88
128 44 52 144 40 40 124 84 80 88
128 44 52 144 40 40 124 84 88 88
128 44 52 144 40 40 124 92 72 88
128 44 52 144 40 40 124 92 80 88
128 44 52 144 40 40 124 92 88 88
128 44 52 144 40 40 124 100 72 88
128 44 52 144 40 40 124 100 80 88
128 44 52 144 40 40 124 100 88 88
128 44 52 144 40 48 124 84 72 88
128 44 52 144 40 48 124 84 80 88
128 44 52 144 40 48 124 84 88 88
128 44 52 144 40 48 124 92 72 88
128 44 52 144 40 48 124 92 80 88
128 44 52 144 40 48 124 92 88 88
128 44 52 144 40 48 124 100 72 88
128 44 52 144 40 48 124 100 80 88
128 44 52 144 40 48 124 100 88 88
128 44 52 144 40 56 124 84 72 88
128 44 52 144 40 56 124 84 80 88
128 44 52 144 40 56 124 84 88 88
128 44 52 144 40 56 124 92 72 88
128 44 52 144 40 56 124 92 80 88
128 44 52 144 40 56 124 92 88 88
128 44 52 144 40 56 124 100 72 88
128 44 52 144 40 56 124 100 80 88
128 44 52 144 40 56 124 100 88 88
128 44 52 144 48 40 124 84 72 88
128 44 52 144 48 40 124 84 80 88
128 44 52 144 48 40 124 84 88 88
128 44 52 144 48 40 124 92 72 88
128 44 52 144 48 40 124 92 80 88
128 44 52 144 48 40 124 92 88 88
128 44 52 144 48 40 124 100 72 88
128 44 52 144 48 40 124 100 80 88
128 44 52 144 48 40 124 100 88 88
128 44 52 144 48 48 124 84 72 88
128 44 52 144 48 48 124 84 80 88
128 44 52 144 48 48 124 84 88 88
128 44 52 144 48 48 124 92 72 88
128 44 52 144 48 48 124 92 80 88
128 44 52 144 48 48 124 92 88 88
128 44 52 144 48 48 124 100 72 88
128 44 52 144 48 48 124 100 80 88
128 44 52 144 48 48 124 100 88 88
128 44 52 144 48 56 124 84 72 88
128 44 52 144 48 56 124 84 80 88
128 44 52 144 48 56 124 84 88 88
128 44 52 144 48 56 124 92 72 88
128 44 52 144 48 56 124 92 80 88
128 44 52 144 48 56 124 92 88 88
128 44 52 144 48 56 124 100 72 88
128 44 52 144 48 56 124 100 80 88
128 44 52 144 48 56 124 100 88 88
128 44 52 144 56 40 124 84 72 88
128 44 52 144 56 40 124 84 80 88
128 44 52 144 56 40 124 84 88 88
128 44 52 144 56 40 124 92 72 88
128 44 52 144 56 40 124 92 80 88
128 44 52 144 56 40 124 92 88 88
128 44 52 144 56 40 124 100 72 88
128 44 52 144 56 40 124 100 80 88
128 44 52 144 56 40 124 100 88 88
128 44 52 144 56 48 124 84 72 88
128 44 52 144 56 48 124 84 80 88
128 44 52 144 56 48 124 84 88 88
128 44 52 144 56 48 124 92 72 88
128 44 52 144 56 48 124 92 80 88
128 44 52 144 56 48 124 92 88 88
128 44 52 144 56 48 124 100 72 88
128 44 52 144 56 48 124 100 80 88
128 44 52 144 56 48 124 100 88 88
128 44 52 144 56 56 124 84 72 88
128 44 52 144 56 56 124 84 80 88
128 44 52 144 56 56 124 84 88 88
128 44 52 144 56 56 124 92 72 88
128 44 52 144 56 56 124 92 80 88
128 44 52 144 56 56 124 92 88 88
128 44 52 144 56 56 124 100 72 88
128 44 52 144 56 56 124 100 80 88
128 44 52 144 56 56 124 100 88 88
128 44 52 152 40 40 124 84 72 88
128 44 52 152 40 40 124 84 80 88
128 44 52 152 40 40 124 84 88 88
128 44 52 152 40 40 124 92 72 88
128 44 52 152 40 40 124 92 80 88
128 44 52 152 40 40 124 92 88 88
128 44 52 152 40 40 124 100 72 88
128 44 52 152 40 40 124 100 80 88
128 44 52 152 40 40 124 100 88 88
128 44 52 152 40 48 124 84 72 88
128 44 52 152 40 48 124 84 80 88
128 44 52 152 40 48 124 84 88 88
128 44 52 152 40 48 124 92 72 88
128 44 52 152 40 48 124 92 80 88
128 44 52 152 40 48 124 92 88 88
128 44 52 152 40 48 124 100 72 88
128 44 52 152 40 48 124 100 80 88
128 44 52 152 40 48 124 100 88 88
128 44 52 152 40 56 124 84 72 88
128 44 52 152 40 56 124 84 80 88
128 44 52 152 40 56 124 84 88 88
128 44 52 152 40 56 124 92 72 88
128 44 52 152 40 56 124 92 80 88
128 44 52 152 40 56 124 92 88 88
128 44 52 152 40 56 124 100 72 88
128 44 52 152 40 56 124 100 80 88
128 44 52 152 40 56 124 100 88 88
128 44 52 152 48 40 124 84 72 88
128 44 52 152 48 40 124 84 80 88
128 44 52 152 48 40 124 84 88 88
128 44 52 152 48 40 124 92 72 88
128 44 52 152 48 40 124 92 80 88
128 44 52 152 48 40 124 92 88 88
128 44 52 152 48 40 124 100 72 88
128 44 52 152 48 40 124 100 80 88
128 44 52 152 48 40 124 100 88 88
128 44 52 152 48 48 124 84 72 88
128 44 52 152 48 48 124 84 80 88
128 44 52 152 48 48 124 84 88 88
128 44 52 152 48 48 124 92 72 88
128 44 52 152 48 48 124 92 80 88
128 44 52 152 48 48 124 92 88 88
128 44 52 152 48 48 124 100 72 88
128 44 52 152 48 48 124 100 80 88
128 44 52 152 48 48 124 100 88 88
128 44 52 152 48 56 124 84 72 88
128 44 52 152 48 56 124 84 80 88
128 44 52 152 48 56 124 84 88 88
128 44 52 152 48 56 124 92 72 88
128 44 52 152 48 56 124 92 80 88
128 44 52 152 48 56 124 92 88 88
128 44 52 152 48 56 124 100 72 88
128 44 52 152 48 56 124 100 80 88
128 44 52 152 48 56 124 100 88 88
128 44 52 152 56 40 124 84 72 88
128 44 52 152 56 40 124 84 80 88
128 44 52 152 56 40 124 84 88 88
128 44 52 152 56 40 124 92 72 88
128 44 52 152 56 40 124 92 80 88
128 44 52 152 56 40 124 92 88 88
128 44 52 152 56 40 124 100 72 88
128 44 52 152 56 40 124 100 80 88
128 44 52 152 56 40 124 100 88 88
128 44 52 152 56 48 124 84 72 88
128 44 52 152 56 48 124 84 80 88
128 44 52 152 56 48 124 84 88 88
128 44 52 152 56 48 124 92 72 88
128 44 52 152 56 48 124 92 80 88
128 44 52 152 56 48 124 92 88 88
128 44 52 152 56 48 124 100 72 88
128 44 52 152 56 48 124 100 80 88
128 44 52 152 56 48 124 100 88 88
128 44 52 152 56 56 124 84 72 88
128 44 52 152 56 56 124 84 80 88
128 44 52 152 56 56 124 84 88 88
128 44 52 152 56 56 124 92 72 88
128 44 52 152 56 56 124 92 80 88
128 44 52 152 56 56 124 92 88 88
128 44 52 152 56 56 124 100 72 88
128 44 52 152 56 56 124 100 80 88
128 44 52 152 56 56 124 100 88 88
128 44 52 160 40 40 124 84 72 88
128 44 52 160 40 40 124 84 80 88
128 44 52 160 40 40 124 84 88 88
128 44 52 160 40 40 124 92 72 88
128 44 52 160 40 40 124 92 80 88
128 44 52 160 40 40 124 92 88 88
128 44 52 160 40 40 124 100 72 88
128 44 52 160 40 40 124 100 80 88
128 44 52 160 40 40 124 100 88 88
128 44 52 160 40 48 124 84 72 88
128 44 52 160 40 48 124 84 80 88
128 44 52 160 40 48 124 84 88 88
128 44 52 160 40 48 124 92 72 88
128 44 52 160 40 48 124 92 80 88
128 44 52 160 40 48 124 92 88 88
128 44 52 160 40 48 124 100 72 88
128 44 52 160 40 48 124 100 80 88
128 44 52 160 40 48 124 100 88 88
128 44 52 160 40 56 124 84 72 88
128 44 52 160 40 56 124 84 80 88
128 44 52 160 40 56 124 84 88 88
128 44 52 160 40 56 124 92 72 88
128 44 52 160 40 56 124 92 80 88
128 44 52 160 40 56 124 92 88 88
128 44 52 160 40 56 124 100 72 88
128 44 52 160 40 56 124 100 80 88
128 44 52 160 40 56 124 100 88 88
128 44 52 160 48 40 124 84 72 88
128 44 52 160 48 40 124 84 80 88
128 44 52 160 48 40 124 84 88 88
128 44 52 160 48 40 124 92 72 88
128 44 52 160 48 40 124 92 80 88
128 44 52 160 48 40 124 92 88 88
128 44 52 160 48 40 124 100 72 88
128 44 52 160 48 40 124 100 80 88
128 44 52 160 48 40 124 100 88 88
128 44 52 160 48 48 124 84 72 88
128 44 52 160 48 48 124 84 80 88
128 44 52 160 48 48 124 84 88 88
128 44 52 160 48 48 124 92 72 88
128 44 52 160 48 48 124 92 80 88
128 44 52 160 48 48 124 92 88 88
128 44 52 160 48 48 124 100 72 88
128 44 52 160 48 48 124 100 80 88
128 44 52 160 48 48 124 100 88 88
128 44 52 160 48 56 124 84 72 88
128 44 52 160 48 56 124 84 80 88
128 44 52 160 48 56 124 84 88 88
128 44 52 160 48 56 124 92 72 88
128 44 52 160 48 56 124 92 80 88
128 44 52 160 48 56 124 92 88 88
128 44 52 160 48 56 124 100 72 88
128 44 52 160 48 56 124 100 80 88
128 44 52 160 48 56 124 100 88 88
128 44 52 160 56 40 124 84 72 88
128 44 52 160 56 40 124 84 80 88
128 44 52 160 56 40 124 84 88 88
128 44 52 160 56 40 124 92 72 88
128 44 52 160 56 40 124 92 80 88
128 44 52 160 56 40 124 92 88 88
128 44 52 160 56 40 124 100 72 88
128 44 52 160 56 40 124 100 80 88
128 44 52 160 56 40 124 100 88 88
128 44 52 160 56 48 124 84 72 88
128 44 52 160 56 48 124 84 80 88
128 44 52 160 56 48 124 84 88 88
128 44 52 160 56 48 124 92 72 88
128 44 52 160 56 48 124 92 80 88
128 44 52 160 56 48 124 92 88 88
128 44 52 160 56 48 124 100 72 88
128 44 52 160 56 48 124 100 80 88
128 44 52 160 56 48 124 100 88 88
128 44 52 160 56 56 124 84 72 88
128 44 52 160 56 56 124 84 80 88
128 44 52 160 56 56 124 84 88 88
128 44 52 160 56 56 124 92 72 88
128 44 52 160 56 56 124 92 80 88
128 44 52 160 56 56 124 92 88 88
128 44 52 160 56 56 124 100 72 88
128 44 52 160 56 56 124 100 80 88
128 44 52 160 56 56 124 100 88 88
128 44 60 144 40 40 124 84 72 88
128 44 60 144 40 40 124 84 80 88
128 44 60 144 40 40 124 84 88 88
128 44 60 144 40 40 124 92 72 88
128 44 60 144 40 40 124 92 80 88
128 44 60 144 40 40 124 92 88 88
128 44 60 144 40 40 124 100 72 88
128 44 60 144 40 40 124 100 80 88
128 44 60 144 40 40 124 100 88 88
128 44 60 144 40 48 124 84 72 88
128 44 60 144 40 48 124 84 80 88
128 44 60 144 40 48 124 84 88 88
128 44 60 144 40 48 124 92 72 88
128 44 60 144 40 48 124 92 80 88
128 44 60 144 40 48 124 92 88 88
128 44 60 144 40 48 124 100 72 88
128 44 60 144 40 48 124 100 80 88
128 44 60 144 40 48 124 100 88 88
128 44 60 144 40 56 124 84 72 88
128 44 60 144 40 56 124 84 80 88
128 44 60 144 40 56 124 84 88 88
128 44 60 144 40 56 124 92 72 88
128 44 60 144 40 56 124 92 80 88
128 44 60 144 40 56 124 92 88 88
128 44 60 144 40 56 124 100 72 88
128 44 60 144 40 56 124 100 80 88
128 44 60 144 40 56 124 100 88 88
128 44 60 144 48 40 124 84 72 88
128 44 60 144 48 40 124 84 80 88
128 44 60 144 48 40 124 84 88 88
128 44 60 144 48 40 124 92 72 88
128 44 60 144 48 40 124 92 80 88
128 44 60 144 48 40 124 92 88 88
128 44 60 144 48 40 124 100 72 88
128 44 60 144 48 40 124 100 80 88
128 44 60 144 48 40 124 100 88 88
128 44 60 144 48 48 124 84 72 88
128 44 60 144 48 48 124 84 80 88
128 44 60 144 48 48 124 84 88 88
128 44 60 144 48 48 124 92 72 88
128 44 60 144 48 48 124 92 80 88
128 44 60 144 48 48 124 92 88 88
128 44 60 144 48 48 124 100 72 88
128 44 60 144 48 48 124 100 80 88
128 44 60 144 48 48 124 100 88 88
128 44 60 144 48 56 124 84 72 88
128 44 60 144 48 56 124 84 80 88
128 44 60 144 48 56 124 84 88 88
128 44 60 144 48 56 124 92 72 88
128 44 60 144 48 56 124 92 80 88
128 44 60 144 48 56 124 92 88 88
128 44 60 144 48 56 124 100 72 88
128 44 60 144 48 56 124 100 80 88
128 44 60 144 48 56 124 100 88 88
128 44 60 144 56 40 124 84 72 88
128 44 60 144 56 40 124 84 80 88
128 44 60 144 56 40 124 84 88 88
128 44 60 144 56 40 124 92 72 88
128 44 60 144 56 40 124 92 80 88
128 44 60 144 56 40 124 92 88 88
128 44 60 144 56 40 124 100 72 88
128 44 60 144 56 40 124 100 80 88
128 44 60 144 56 40 124 100 88 88
128 44 60 144 56 48 124 84 72 88
128 44 60 144 56 48 124 84 80 88
128 44 60 144 56 48 124 84 88 88
128 44 60 144 56 48 124 92 72 88
128 44 60 144 56 48 124 92 80 88
128 44 60 144 56 48 124 92 88 88
128 44 60 144 56 48 124 100 72 88
128 44 60 144 56 48 124 100 80 88
128 44 60 144 56 48 124 100 88 88
128 44 60 144 56 56 124 84 72 88
128 44 60 144 56 56 124 84 80 88
128 44 60 144 56 56 124 84 88 88
128 44 60 144 56 56 124 92 72 88
128 44 60 144 56 56 124 92 80 88
128 44 60 144 56 56 124 92 88 88
128 44 60 144 56 56 124 100 72 88
128 44 60 144 56 56 124 100 80 88
128 44 60 144 56 56 124 100 88 88
128 44 60 152 40 40 124 84 72 88
128 44 60 152 40 40 124 84 80 88
128 44 60 152 40 40 124 84 88 88
128 44 60 152 40 40 124 92 72 88
128 44 60 152 40 40 124 92 80 88
128 44 60 152 40 40 124 92 88 88
128 44 60 152 40 40 124 100 72 88
128 44 60 152 40 40 124 100 80 88
128 44 60 152 40 40 124 100 88 88
128 44 60 152 40 48 124 84 72 88
128 44 60 152 40 48 124 84 80 88
128 44 60 152 40 48 124 84 88 88
128 44 60 152 40 48 124 92 72 88
128 44 60 152 40 48 124 92 80 88
128 44 60 152 40 48 124 92 88 88
128 44 60 152 40 48 124 100 72 88
128 44 60 152 40 48 124 100 80 88
128 44 60 152 40 48 124 100 88 88
128 44 60 152 40 56 124 84 72 88
128 44 60 152 40 56 124 84 80 88
128 44 60 152 40 56 124 84 88 88
128 44 60 152 40 56 124 92 72 88
128 44 60 152 40 56 124 92 80 88
128 44 60 152 40 56 124 92 88 88
128 44 60 152 40 56 124 100 72 88
128 44 60 152 40 56 124 100 80 88
128 44 60 152 40 56 124 100 88 88
128 44 60 152 48 40 124 84 72 88
128 44 60 152 48 40 124 84 80 88
128 44 60 152 48 40 124 84 88 88
128 44 60 152 48 40 124 92 72 88
128 44 60 152 48 40 124 92 80 88
128 44 60 152 48 40 124 92 88 88
128 44 60 152 48 40 124 100 72 88
128 44 60 152 48 40 124 100 80 88
128 44 60 152 48 40 124 100 88 88
128 44 60 152 48 48 124 84 72 88
128 44 60 152 48 48 124 84 80 88
128 44 60 152 48 48 124 84 88 88
128 44 60 152 48 48 124 92 72 88
128 44 60 152 48 48 124 92 80 88
128 44 60 152 48 48 124 92 88 88
128 44 60 152 48 48 124 100 72 88
128 44 60 152 48 48 124 100 80 88
128 44 60 152 48 48 124 100 88 88
128 44 60 152 48 56 124 84 72 88
128 44 60 152 48 56 124 84 80 88
128 44 60 152 48 56 124 84 88 88
128 44 60 152 48 56 124 92 72 88
128 44 60 152 48 56 124 92 80 88
128 44 60 152 48 56 124 92 88 88
128 44 60 152 48 56 124 100 72 88
128 44 60 152 48 56 124 100 80 88
128 44 60 152 48 56 124 100 88 88
128 44 60 152 56 40 124 84 72 88
128 44 60 152 56 40 124 84 80 88
128 44 60 152 56 40 124 84 88 88
128 44 60 152 56 40 124 92 72 88
128 44 60 152 56 40 124 92 80 88
128 44 60 152 56 40 124 92 88 88
128 44 60 152 56 40 124 100 72 88
128 44 60 152 56 40 124 100 80 88
128 44 60 152 56 40 124 100 88 88
128 44 60 152 56 48 124 84 72 88
128 44 60 152 56 48 124 84 80 88
128 44 60 152 56 48 124 84 88 88
128 44 60 152 56 48 124 92 72 88
128 44 60 152 56 48 124 92 80 88
128 44 60 152 56 48 124 92 88 88
128 44 60 152 56 48 124 100 72 88
128 44 60 152 56 48 124 100 80 88
128 44 60 152 56 48 124 100 88 88
128 44 60 152 56 56 124 84 72 88
128 44 60 152 56 56 124 84 80 88
128 44 60 152 56 56 124 84 88 88
128 44 60 152 56 56 124 92 72 88
128 44 60 152 56 56 124 92 80 88
128 44 60 152 56 56 124 92 88 88
128 44 60 152 56 56 124 100 72 88
128 44 60 152 56 56 124 100 80 88
128 44 60 152 56 56 124 100 88 88
128 44 60 160 40 40 124 84 72 88
128 44 60 160 40 40 124 84 80 88
128 44 60 160 40 40 124 84 88 88
128 44 60 160 40 40 124 92 72 88
128 44 60 160 40 40 124 92 80 88
128 44 60 160 40 40 124 92 88 88
128 44 60 160 40 40 124 100 72 88
128 44 60 160 40 40 124 100 80 88
128 44 60 160 40 40 124 100 88 88
128 44 60 160 40 48 124 84 72 88
128 44 60 160 40 48 124 84 80 88
128 44 60 160 40 48 124 84 88 88
128 44 60 160 40 48 124 92 72 88
128 44 60 160 40 48 124 92 80 88
128 44 60 160 40 48 124 92 88 88
128 44 60 160 40 48 124 100 72 88
128 44 60 160 40 48 124 100 80 88
128 44 60 160 40 48 124 100 88 88
128 44 60 160 40 56 124 84 72 88
128 44 60 160 40 56 124 84 80 88
128 44 60 160 40 56 124 84 88 88
128 44 60 160 40 56 124 92 72 88
128 44 60 160 40 56 124 92 80 88
128 44 60 160 40 56 124 92 88 88
128 44 60 160 40 56 124 100 72 88
128 44 60 160 40 56 124 100 80 88
128 44 60 160 40 56 124 100 88 88
128 44 60 160 48 40 124 84 72 88
128 44 60 160 48 40 124 84 80 88
128 44 60 160 48 40 124 84 88 88
128 44 60 160 48 40 124 92 72 88
128 44 60 160 48 40 124 92 80 88
128 44 60 160 48 40 124 92 88 88
128 44 60 160 48 40 124 100 72 88
128 44 60 160 48 40 124 100 80 88
128 44 60 160 48 40 124 100 88 88
128 44 60 160 48 48 124 84 72 88
128 44 60 160 48 48 124 84 80 88
128 44 60 160 48 48 124 84 88 88
128 44 60 160 48 48 124 92 72 88
128 44 60 160 48 48 124 92 80 88
128 44 60 160 48 48 124 92 88 88
128 44 60 160 48 48 124 100 72 88
128 44 60 160 48 48 124 100 80 88
128 44 60 160 48 48 124 100 88 88
128 44 60 160 48 56 124 84 72 88
128 44 60 160 48 56 124 84 80 88
128 44 60 160 48 56 124 84 88 88
128 44 60 160 48 56 124 92 72 88
128 44 60 160 48 56 124 92 80 88
128 44 60 160 48 56 124 92 88 88
128 44 60 160 48 56 124 100 72 88
128 44 60 160 48 56 124 100 80 88
128 44 60 160 48 56 124 100 88 88
128 44 60 160 56 40 124 84 72 88
128 44 60 160 56 40 124 84 80 88
128 44 60 160 56 40 124 84 88 88
128 44 60 160 56 40 124 92 72 88
128 44 60 160 56 40 124 92 80 88
128 44 60 160 56 40 124 92 88 88
128 44 60 160 56 40 124 100 72 88
128 44 60 160 56 40 124 100 80 88
128 44 60 160 56 40 124 100 88 88
128 44 60 160 56 48 124 84 72 88
128 44 60 160 56 48 124 84 80 88
128 44 60 160 56 48 124 84 88 88
128 44 60 160 56 48 124 92 72 88
128 44 60 160 56 48 124 92 80 88
128 44 60 160 56 48 124 92 88 88
128 44 60 160 56 48 124 100 72 88
128 44 60 160 56 48 124 100 80 88
128 44 60 160 56 48 124 100 88 88
128 44 60 160 56 56 124 84 72 88
128 44 60 160 56 56 124 84 80 88
128 44 60 160 56 56 124 84 88 88
128 44 60 160 56 56 124 92 72 88
128 44 60 160 56 56 124 92 80 88
128 44 60 160 56 56 124 92 88 88
128 44 60 160 56 56 124 100 72 88
128 44 60 160 56 56 124 100 80 88
128 44 60 160 56 56 124 100 88 88
