140 32 36 136 32 32 124 76 64 88
140 32 36 136 32 32 124 76 80 88
140 32 36 136 32 32 124 76 96 88
140 32 36 136 32 32 124 92 64 88
140 32 36 136 32 32 124 92 80 88
140 32 36 136 32 32 124 92 96 88
140 32 36 136 32 32 124 108 64 88
140 32 36 136 32 32 124 108 80 88
140 32 36 136 32 32 124 108 96 88
140 32 36 136 32 48 124 76 64 88
140 32 36 136 32 48 124 76 80 88
140 32 36 136 32 48 124 76 96 88
140 32 36 136 32 48 124 92 64 88
140 32 36 136 32 48 124 92 80 88
140 32 36 136 32 48 124 92 96 88
140 32 36 136 32 48 124 108 64 88
140 32 36 136 32 48 124 108 80 88
140 32 36 136 32 48 124 108 96 88
140 32 36 136 32 64 124 76 64 88
140 32 36 136 32 64 124 76 80 88
140 32 36 136 32 64 124 76 96 88
140 32 36 136 32 64 124 92 64 88
140 32 36 136 32 64 124 92 80 88
140 32 36 136 32 64 124 92 96 88
140 32 36 136 32 64 124 108 64 88
140 32 36 136 32 64 124 108 80 88
140 32 36 136 32 64 124 108 96 88
140 32 36 136 48 32 124 76 64 88
140 32 36 136 48 32 124 76 80 88
140 32 36 136 48 32 124 76 96 88
140 32 36 136 48 32 124 92 64 88
140 32 36 136 48 32 124 92 80 88
140 32 36 136 48 32 124 92 96 88
140 32 36 136 48 32 124 108 64 88
140 32 36 136 48 32 124 108 80 88
140 32 36 136 48 32 124 108 96 88
140 32 36 136 48 48 124 76 64 88
140 32 36 136 48 48 124 76 80 88
140 32 36 136 48 48 124 76 96 88
140 32 36 136 48 48 124 92 64 88
140 32 36 136 48 48 124 92 80 88
140 32 36 136 48 48 124 92 96 88
140 32 36 136 48 48 124 108 64 88
140 32 36 136 48 48 124 108 80 88
140 32 36 136 48 48 124 108 96 88
140 32 36 136 48 64 124 76 64 88
140 32 36 136 48 64 124 76 80 88
140 32 36 136 48 64 124 76 96 88
140 32 36 136 48 64 124 92 64 88
140 32 36 136 48 64 124 92 80 88
140 32 36 136 48 64 124 92 96 88
140 32 36 136 48 64 124 108 64 88
140 32 36 136 48 64 124 108 80 88
140 32 36 136 48 64 124 108 96 88
140 32 36 136 64 32 124 76 64 88
140 32 36 136 64 32 124 76 80 88
140 32 36 136 64 32 124 76 96 88
140 32 36 136 64 32 124 92 64 88
140 32 36 136 64 32 124 92 80 88
140 32 36 136 64 32 124 92 96 88
140 32 36 136 64 32 124 108 64 88
140 32 36 136 64 32 124 108 80 88
140 32 36 136 64 32 124 108 96 88
140 32 36 136 64 48 124 76 64 88
140 32 36 136 64 48 124 76 80 88
140 32 36 136 64 48 124 76 96 88
140 32 36 136 64 48 124 92 64 88
140 32 36 136 64 48 124 92 80 88
140 32 36 136 64 48 124 92 96 88
140 32 36 136 64 48 124 108 64 88
140 32 36 136 64 48 124 108 80 88
140 32 36 136 64 48 124 108 96 88
140 32 36 136 64 64 124 76 64 88
140 32 36 136 64 64 124 76 80 88
140 32 36 136 64 64 124 76 96 88
140 32 36 136 64 64 124 92 64 88
140 32 36 136 64 64 124 92 80 88
140 32 36 136 64 64 124 92 96 88
140 32 36 136 64 64 124 108 64 88
140 32 36 136 64 64 124 108 80 88
140 32 36 136 64 64 124 108 96 88
140 32 36 152 32 32 124 76 64 88
140 32 36 152 32 32 124 76 80 88
140 32 36 152 32 32 124 76 96 88
140 32 36 152 32 32 124 92 64 88
140 32 36 152 32 32 124 92 80 88
140 32 36 152 32 32 124 92 96 88
140 32 36 152 32 32 124 108 64 88
140 32 36 152 32 32 124 108 80 88
140 32 36 152 32 32 124 108 96 88
140 32 36 152 32 48 124 76 64 88
140 32 36 152 32 48 124 76 80 88
140 32 36 152 32 48 124 76 96 88
140 32 36 152 32 48 124 92 64 88
140 32 36 152 32 48 124 92 80 88
140 32 36 152 32 48 124 92 96 88
140 32 36 152 32 48 124 108 64 88
140 32 36 152 32 48 124 108 80 88
140 32 36 152 32 48 124 108 96 88
140 32 36 152 32 64 124 76 64 88
140 32 36 152 32 64 124 76 80 88
140 32 36 152 32 64 124 76 96 88
140 32 36 152 32 64 124 92 64 88
140 32 36 152 32 64 124 92 80 88
140 32 36 152 32 64 124 92 96 88
140 32 36 152 32 64 124 108 64 88
140 32 36 152 32 64 124 108 80 88
140 32 36 152 32 64 124 108 96 88
140 32 36 152 48 32 124 76 64 88
140 32 36 152 48 32 124 76 80 88
140 32 36 152 48 32 124 76 96 88
140 32 36 152 48 32 124 92 64 88
140 32 36 152 48 32 124 92 80 88
140 32 36 152 48 32 124 92 96 88
140 32 36 152 48 32 124 108 64 88
140 32 36 152 48 32 124 108 80 88
140 32 36 152 48 32 124 108 96 88
140 32 36 152 48 48 124 76 64 88
140 32 36 152 48 48 124 76 80 88
140 32 36 152 48 48 124 76 96 88
140 32 36 152 48 48 124 92 64 88
140 32 36 152 48 48 124 92 80 88
140 32 36 152 48 48 124 92 96 88
140 32 36 152 48 48 124 108 64 88
140 32 36 152 48 48 124 108 80 88
140 32 36 152 48 48 124 108 96 88
140 32 36 152 48 64 124 76 64 88
140 32 36 152 48 64 124 76 80 88
140 32 36 152 48 64 124 76 96 88
140 32 36 152 48 64 124 92 64 88
140 32 36 152 48 64 124 92 80 88
140 32 36 152 48 64 124 92 96 88
140 32 36 152 48 64 124 108 64 88
140 32 36 152 48 64 124 108 80 88
140 32 36 152 48 64 124 108 96 88
140 32 36 152 64 32 124 76 64 88
140 32 36 152 64 32 124 76 80 88
140 32 36 152 64 32 124 76 96 88
140 32 36 152 64 32 124 92 64 88
140 32 36 152 64 32 124 92 80 88
140 32 36 152 64 32 124 92 96 88
140 32 36 152 64 32 124 108 64 88
140 32 36 152 64 32 124 108 80 88
140 32 36 152 64 32 124 108 96 88
140 32 36 152 64 48 124 76 64 88
140 32 36 152 64 48 124 76 80 88
140 32 36 152 64 48 124 76 96 88
140 32 36 152 64 48 124 92 64 88
140 32 36 152 64 48 124 92 80 88
140 32 36 152 64 48 124 92 96 88
140 32 36 152 64 48 124 108 64 88
140 32 36 152 64 48 124 108 80 88
140 32 36 152 64 48 124 108 96 88
140 32 36 152 64 64 124 76 64 88
140 32 36 152 64 64 124 76 80 88
140 32 36 152 64 64 124 76 96 88
140 32 36 152 64 64 124 92 64 88
140 32 36 152 64 64 124 92 80 88
140 32 36 152 64 64 124 92 96 88
140 32 36 152 64 64 124 108 64 88
140 32 36 152 64 64 124 108 80 88
140 32 36 152 64 64 124 108 96 88
140 32 36 168 32 32 124 76 64 88
140 32 36 168 32 32 124 76 80 88
140 32 36 168 32 32 124 76 96 88
140 32 36 168 32 32 124 92 64 88
140 32 36 168 32 32 124 92 80 88
140 32 36 168 32 32 124 92 96 88
140 32 36 168 32 32 124 108 64 88
140 32 36 168 32 32 124 108 80 88
140 32 36 168 32 32 124 108 96 88
140 32 36 168 32 48 124 76 64 88
140 32 36 168 32 48 124 76 80 88
140 32 36 168 32 48 124 76 96 88
140 32 36 168 32 48 124 92 64 88
140 32 36 168 32 48 124 92 80 88
140 32 36 168 32 48 124 92 96 88
140 32 36 168 32 48 124 108 64 88
140 32 36 168 32 48 124 108 80 88
140 32 36 168 32 48 124 108 96 88
140 32 36 168 32 64 124 76 64 88
140 32 36 168 32 64 124 76 80 88
140 32 36 168 32 64 124 76 96 88
140 32 36 168 32 64 124 92 64 88
140 32 36 168 32 64 124 92 80 88
140 32 36 168 32 64 124 92 96 88
140 32 36 168 32 64 124 108 64 88
140 32 36 168 32 64 124 108 80 88
140 32 36 168 32 64 124 108 96 88
140 32 36 168 48 32 124 76 64 88
140 32 36 168 48 32 124 76 80 88
140 32 36 168 48 32 124 76 96 88
140 32 36 168 48 32 124 92 64 88
140 32 36 168 48 32 124 92 80 88
140 32 36 168 48 32 124 92 96 88
140 32 36 168 48 32 124 108 64 88
140 32 36 168 48 32 124 108 80 88
140 32 36 168 48 32 124 108 96 88
140 32 36 168 48 48 124 76 64 88
140 32 36 168 48 48 124 76 80 88
140 32 36 168 48 48 124 76 96 88
140 32 36 168 48 48 124 92 64 88
140 32 36 168 48 48 124 92 80 88
140 32 36 168 48 48 124 92 96 88
140 32 36 168 48 48 124 108 64 88
140 32 36 168 48 48 124 108 80 88
140 32 36 168 48 48 124 108 96 88
140 32 36 168 48 64 124 76 64 88
140 32 36 168 48 64 124 76 80 88
140 32 36 168 48 64 124 76 96 88
140 32 36 168 48 64 124 92 64 88
140 32 36 168 48 64 124 92 80 88
140 32 36 168 48 64 124 92 96 88
140 32 36 168 48 64 124 108 64 88
140 32 36 168 48 64 124 108 80 88
140 32 36 168 48 64 124 108 96 88
140 32 36 168 64 32 124 76 64 88
140 32 36 168 64 32 124 76 80 88
140 32 36 168 64 32 124 76 96 88
140 32 36 168 64 32 124 92 64 88
140 32 36 168 64 32 124 92 80 88
140 32 36 168 64 32 124 92 96 88
140 32 36 168 64 32 124 108 64 88
140 32 36 168 64 32 124 108 80 88
140 32 36 168 64 32 124 108 96 88
140 32 36 168 64 48 124 76 64 88
140 32 36 168 64 48 124 76 80 88
140 32 36 168 64 48 124 76 96 88
140 32 36 168 64 48 124 92 64 88
140 32 36 168 64 48 124 92 80 88
140 32 36 168 64 48 124 92 96 88
140 32 36 168 64 48 124 108 64 88
140 32 36 168 64 48 124 108 80 88
140 32 36 168 64 48 124 108 96 88
140 32 36 168 64 64 124 76 64 88
140 32 36 168 64 64 124 76 80 88
140 32 36 168 64 64 124 76 96 88
140 32 36 168 64 64 124 92 64 88
140 32 36 168 64 64 124 92 80 88
140 32 36 168 64 64 124 92 96 88
140 32 36 168 64 64 124 108 64 88
140 32 36 168 64 64 124 108 80 88
140 32 36 168 64 64 124 108 96 88
140 32 52 136 32 32 124 76 64 88
140 32 52 136 32 32 124 76 80 88
140 32 52 136 32 32 124 76 96 88
140 32 52 136 32 32 124 92 64 88
140 32 52 136 32 32 124 92 80 88
140 32 52 136 32 32 124 92 96 88
140 32 52 136 32 32 124 108 64 88
140 32 52 136 32 32 124 108 80 88
140 32 52 136 32 32 124 108 96 88
140 32 52 136 32 48 124 76 64 88
140 32 52 136 32 48 124 76 80 88
140 32 52 136 32 48 124 76 96 88
140 32 52 136 32 48 124 92 64 88
140 32 52 136 32 48 124 92 80 88
140 32 52 136 32 48 124 92 96 88
140 32 52 136 32 48 124 108 64 88
140 32 52 136 32 48 124 108 80 88
140 32 52 136 32 48 124 108 96 88
140 32 52 136 32 64 124 76 64 88
140 32 52 136 32 64 124 76 80 88
140 32 52 136 32 64 124 76 96 88
140 32 52 136 32 64 124 92 64 88
140 32 52 136 32 64 124 92 80 88
140 32 52 136 32 64 124 92 96 88
140 32 52 136 32 64 124 108 64 88
140 32 52 136 32 64 124 108 80 88
140 32 52 136 32 64 124 108 96 88
140 32 52 136 48 32 124 76 64 88
140 32 52 136 48 32 124 76 80 88
140 32 52 136 48 32 124 76 96 88
140 32 52 136 48 32 124 92 64 88
140 32 52 136 48 32 124 92 80 88
140 32 52 136 48 32 124 92 96 88
140 32 52 136 48 32 124 108 64 88
140 32 52 136 48 32 124 108 80 88
140 32 52 136 48 32 124 108 96 88
140 32 52 136 48 48 124 76 64 88
140 32 52 136 48 48 124 76 80 88
140 32 52 136 48 48 124 76 96 88
140 32 52 136 48 48 124 92 64 88
140 32 52 136 48 48 124 92 80 88
140 32 52 136 48 48 124 92 96 88
140 32 52 136 48 48 124 108 64 88
140 32 52 136 48 48 124 108 80 88
140 32 52 136 48 48 124 108 96 88
140 32 52 136 48 64 124 76 64 88
140 32 52 136 48 64 124 76 80 88
140 32 52 136 48 64 124 76 96 88
140 32 52 136 48 64 124 92 64 88
140 32 52 136 48 64 124 92 80 88
140 32 52 136 48 64 124 92 96 88
140 32 52 136 48 64 124 108 64 88
140 32 52 136 48 64 124 108 80 88
140 32 52 136 48 64 124 108 96 88
140 32 52 136 64 32 124 76 64 88
140 32 52 136 64 32 124 76 80 88
140 32 52 136 64 32 124 76 96 88
140 32 52 136 64 32 124 92 64 88
140 32 52 136 64 32 124 92 80 88
140 32 52 136 64 32 124 92 96 88
140 32 52 136 64 32 124 108 64 88
140 32 52 136 64 32 124 108 80 88
140 32 52 136 64 32 124 108 96 88
140 32 52 136 64 48 124 76 64 88
140 32 52 136 64 48 124 76 80 88
140 32 52 136 64 48 124 76 96 88
140 32 52 136 64 48 124 92 64 88
140 32 52 136 64 48 124 92 80 88
140 32 52 136 64 48 124 92 96 88
140 32 52 136 64 48 124 108 64 88
140 32 52 136 64 48 124 108 80 88
140 32 52 136 64 48 124 108 96 88
140 32 52 136 64 64 124 76 64 88
140 32 52 136 64 64 124 76 80 88
140 32 52 136 64 64 124 76 96 88
140 32 52 136 64 64 124 92 64 88
140 32 52 136 64 64 124 92 80 88
140 32 52 136 64 64 124 92 96 88
140 32 52 136 64 64 124 108 64 88
140 32 52 136 64 64 124 108 80 88
140 32 52 136 64 64 124 108 96 88
140 32 52 152 32 32 124 76 64 88
140 32 52 152 32 32 124 76 80 88
140 32 52 152 32 32 124 76 96 88
140 32 52 152 32 32 124 92 64 88
140 32 52 152 32 32 124 92 80 88
140 32 52 152 32 32 124 92 96 88
140 32 52 152 32 32 124 108 64 88
140 32 52 152 32 32 124 108 80 88
140 32 52 152 32 32 124 108 96 88
140 32 52 152 32 48 124 76 64 88
140 32 52 152 32 48 124 76 80 88
140 32 52 152 32 48 124 76 96 88
140 32 52 152 32 48 124 92 64 88
140 32 52 152 32 48 124 92 80 88
140 32 52 152 32 48 124 92 96 88
140 32 52 152 32 48 124 108 64 88
140 32 52 152 32 48 124 108 80 88
140 32 52 152 32 48 124 108 96 88
140 32 52 152 32 64 124 76 64 88
140 32 52 152 32 64 124 76 80 88
140 32 52 152 32 64 124 76 96 88
140 32 52 152 32 64 124 92 64 88
140 32 52 152 32 64 124 92 80 88
140 32 52 152 32 64 124 92 96 88
140 32 52 152 32 64 124 108 64 88
140 32 52 152 32 64 124 108 80 88
140 32 52 152 32 64 124 108 96 88
140 32 52 152 48 32 124 76 64 88
140 32 52 152 48 32 124 76 80 88
140 32 52 152 48 32 124 76 96 88
140 32 52 152 48 32 124 92 64 88
140 32 52 152 48 32 124 92 80 88
140 32 52 152 48 32 124 92 96 88
140 32 52 152 48 32 124 108 64 88
140 32 52 152 48 32 124 108 80 88
140 32 52 152 48 32 124 108 96 88
140 32 52 152 48 48 124 76 64 88
140 32 52 152 48 48 124 76 80 88
140 32 52 152 48 48 124 76 96 88
140 32 52 152 48 48 124 92 64 88
140 32 52 152 48 48 124 92 80 88
140 32 52 152 48 48 124 92 96 88
140 32 52 152 48 48 124 108 64 88
140 32 52 152 48 48 124 108 80 88
140 32 52 152 48 48 124 108 96 88
140 32 52 152 48 64 124 76 64 88
140 32 52 152 48 64 124 76 80 88
140 32 52 152 48 64 124 76 96 88
140 32 52 152 48 64 124 92 64 88
140 32 52 152 48 64 124 92 80 88
140 32 52 152 48 64 124 92 96 88
140 32 52 152 48 64 124 108 64 88
140 32 52 152 48 64 124 108 80 88
140 32 52 152 48 64 124 108 96 88
140 32 52 152 64 32 124 76 64 88
140 32 52 152 64 32 124 76 80 88
140 32 52 152 64 32 124 76 96 88
140 32 52 152 64 32 124 92 64 88
140 32 52 152 64 32 124 92 80 88
140 32 52 152 64 32 124 92 96 88
140 32 52 152 64 32 124 108 64 88
140 32 52 152 64 32 124 108 80 88
140 32 52 152 64 32 124 108 96 88
140 32 52 152 64 48 124 76 64 88
140 32 52 152 64 48 124 76 80 88
140 32 52 152 64 48 124 76 96 88
140 32 52 152 64 48 124 92 64 88
140 32 52 152 64 48 124 92 80 88
140 32 52 152 64 48 124 92 96 88
140 32 52 152 64 48 124 108 64 88
140 32 52 152 64 48 124 108 80 88
140 32 52 152 64 48 124 108 96 88
140 32 52 152 64 64 124 76 64 88
140 32 52 152 64 64 124 76 80 88
140 32 52 152 64 64 124 76 96 88
140 32 52 152 64 64 124 92 64 88
140 32 52 152 64 64 124 92 80 88
140 32 52 152 64 64 124 92 96 88
140 32 52 152 64 64 124 108 64 88
140 32 52 152 64 64 124 108 80 88
140 32 52 152 64 64 124 108 96 88
140 32 52 168 32 32 124 76 64 88
140 32 52 168 32 32 124 76 80 88
140 32 52 168 32 32 124 76 96 88
140 32 52 168 32 32 124 92 64 88
140 32 52 168 32 32 124 92 80 88
140 32 52 168 32 32 124 92 96 88
140 32 52 168 32 32 124 108 64 88
140 32 52 168 32 32 124 108 80 88
140 32 52 168 32 32 124 108 96 88
140 32 52 168 32 48 124 76 64 88
140 32 52 168 32 48 124 76 80 88
140 32 52 168 32 48 124 76 96 88
140 32 52 168 32 48 124 92 64 88
140 32 52 168 32 48 124 92 80 88
140 32 52 168 32 48 124 92 96 88
140 32 52 168 32 48 124 108 64 88
140 32 52 168 32 48 124 108 80 88
140 32 52 168 32 48 124 108 96 88
140 32 52 168 32 64 124 76 64 88
140 32 52 168 32 64 124 76 80 88
140 32 52 168 32 64 124 76 96 88
140 32 52 168 32 64 124 92 64 88
140 32 52 168 32 64 124 92 80 88
140 32 52 168 32 64 124 92 96 88
140 32 52 168 32 64 124 108 64 88
140 32 52 168 32 64 124 108 80 88
140 32 52 168 32 64 124 108 96 88
140 32 52 168 48 32 124 76 64 88
140 32 52 168 48 32 124 76 80 88
140 32 52 168 48 32 124 76 96 88
140 32 52 168 48 32 124 92 64 88
140 32 52 168 48 32 124 92 80 88
140 32 52 168 48 32 124 92 96 88
140 32 52 168 48 32 124 108 64 88
140 32 52 168 48 32 124 108 80 88
140 32 52 168 48 32 124 108 96 88
140 32 52 168 48 48 124 76 64 88
140 32 52 168 48 48 124 76 80 88
140 32 52 168 48 48 124 76 96 88
140 32 52 168 48 48 124 92 64 88
140 32 52 168 48 48 124 92 80 88
140 32 52 168 48 48 124 92 96 88
140 32 52 168 48 48 124 108 64 88
140 32 52 168 48 48 124 108 80 88
140 32 52 168 48 48 124 108 96 88
140 32 52 168 48 64 124 76 64 88
140 32 52 168 48 64 124 76 80 88
140 32 52 168 48 64 124 76 96 88
140 32 52 168 48 64 124 92 64 88
140 32 52 168 48 64 124 92 80 88
140 32 52 168 48 64 124 92 96 88
140 32 52 168 48 64 124 108 64 88
140 32 52 168 48 64 124 108 80 88
140 32 52 168 48 64 124 108 96 88
140 32 52 168 64 32 124 76 64 88
140 32 52 168 64 32 124 76 80 88
140 32 52 168 64 32 124 76 96 88
140 32 52 168 64 32 124 92 64 88
140 32 52 168 64 32 124 92 80 88
140 32 52 168 64 32 124 92 96 88
140 32 52 168 64 32 124 108 64 88
140 32 52 168 64 32 124 108 80 88
140 32 52 168 64 32 124 108 96 88
140 32 52 168 64 48 124 76 64 88
140 32 52 168 64 48 124 76 80 88
140 32 52 168 64 48 124 76 96 88
140 32 52 168 64 48 124 92 64 88
140 32 52 168 64 48 124 92 80 88
140 32 52 168 64 48 124 92 96 88
140 32 52 168 64 48 124 108 64 88
140 32 52 168 64 48 124 108 80 88
140 32 52 168 64 48 124 108 96 88
140 32 52 168 64 64 124 76 64 88
140 32 52 168 64 64 124 76 80 88
140 32 52 168 64 64 124 76 96 88
140 32 52 168 64 64 124 92 64 88
140 32 52 168 64 64 124 92 80 88
140 32 52 168 64 64 124 92 96 88
140 32 52 168 64 64 124 108 64 88
140 32 52 168 64 64 124 108 80 88
140 32 52 168 64 64 124 108 96 88
140 32 68 136 32 32 124 76 64 88
140 32 68 136 32 32 124 76 80 88
140 32 68 136 32 32 124 76 96 88
140 32 68 136 32 32 124 92 64 88
140 32 68 136 32 32 124 92 80 88
140 32 68 136 32 32 124 92 96 88
140 32 68 136 32 32 124 108 64 88
140 32 68 136 32 32 124 108 80 88
140 32 68 136 32 32 124 108 96 88
140 32 68 136 32 48 124 76 64 88
140 32 68 136 32 48 124 76 80 88
140 32 68 136 32 48 124 76 96 88
140 32 68 136 32 48 124 92 64 88
140 32 68 136 32 48 124 92 80 88
140 32 68 136 32 48 124 92 96 88
140 32 68 136 32 48 124 108 64 88
140 32 68 136 32 48 124 108 80 88
140 32 68 136 32 48 124 108 96 88
140 32 68 136 32 64 124 76 64 88
140 32 68 136 32 64 124 76 80 88
140 32 68 136 32 64 124 76 96 88
140 32 68 136 32 64 124 92 64 88
140 32 68 136 32 64 124 92 80 88
140 32 68 136 32 64 124 92 96 88
140 32 68 136 32 64 124 108 64 88
140 32 68 136 32 64 124 108 80 88
140 32 68 136 32 64 124 108 96 88
140 32 68 136 48 32 124 76 64 88
140 32 68 136 48 32 124 76 80 88
140 32 68 136 48 32 124 76 96 88
140 32 68 136 48 32 124 92 64 88
140 32 68 136 48 32 124 92 80 88
140 32 68 136 48 32 124 92 96 88
140 32 68 136 48 32 124 108 64 88
140 32 68 136 48 32 124 108 80 88
140 32 68 136 48 32 124 108 96 88
140 32 68 136 48 48 124 76 64 88
140 32 68 136 48 48 124 76 80 88
140 32 68 136 48 48 124 76 96 88
140 32 68 136 48 48 124 92 64 88
140 32 68 136 48 48 124 92 80 88
140 32 68 136 48 48 124 92 96 88
140 32 68 136 48 48 124 108 64 88
140 32 68 136 48 48 124 108 80 88
140 32 68 136 48 48 124 108 96 88
140 32 68 136 48 64 124 76 64 88
140 32 68 136 48 64 124 76 80 88
140 32 68 136 48 64 124 76 96 88
140 32 68 136 48 64 124 92 64 88
140 32 68 136 48 64 124 92 80 88
140 32 68 136 48 64 124 92 96 88
140 32 68 136 48 64 124 108 64 88
140 32 68 136 48 64 124 108 80 88
140 32 68 136 48 64 124 108 96 88
140 32 68 136 64 32 124 76 64 88
140 32 68 136 64 32 124 76 80 88
140 32 68 136 64 32 124 76 96 88
140 32 68 136 64 32 124 92 64 88
140 32 68 136 64 32 124 92 80 88
140 32 68 136 64 32 124 92 96 88
140 32 68 136 64 32 124 108 64 88
140 32 68 136 64 32 124 108 80 88
140 32 68 136 64 32 124 108 96 88
140 32 68 136 64 48 124 76 64 88
140 32 68 136 64 48 124 76 80 88
140 32 68 136 64 48 124 76 96 88
140 32 68 136 64 48 124 92 64 88
140 32 68 136 64 48 124 92 80 88
140 32 68 136 64 48 124 92 96 88
140 32 68 136 64 48 124 108 64 88
140 32 68 136 64 48 124 108 80 88
140 32 68 136 64 48 124 108 96 88
140 32 68 136 64 64 124 76 64 88
140 32 68 136 64 64 124 76 80 88
140 32 68 136 64 64 124 76 96 88
140 32 68 136 64 64 124 92 64 88
140 32 68 136 64 64 124 92 80 88
140 32 68 136 64 64 124 92 96 88
140 32 68 136 64 64 124 108 64 88
140 32 68 136 64 64 124 108 80 88
140 32 68 136 64 64 124 108 96 88
140 32 68 152 32 32 124 76 64 88
140 32 68 152 32 32 124 76 80 88
140 32 68 152 32 32 124 76 96 88
140 32 68 152 32 32 124 92 64 88
140 32 68 152 32 32 124 92 80 88
140 32 68 152 32 32 124 92 96 88
140 32 68 152 32 32 124 108 64 88
140 32 68 152 32 32 124 108 80 88
140 32 68 152 32 32 124 108 96 88
140 32 68 152 32 48 124 76 64 88
140 32 68 152 32 48 124 76 80 88
140 32 68 152 32 48 124 76 96 88
140 32 68 152 32 48 124 92 64 88
140 32 68 152 32 48 124 92 80 88
140 32 68 152 32 48 124 92 96 88
140 32 68 152 32 48 124 108 64 88
140 32 68 152 32 48 124 108 80 88
140 32 68 152 32 48 124 108 96 88
140 32 68 152 32 64 124 76 64 88
140 32 68 152 32 64 124 76 80 88
140 32 68 152 32 64 124 76 96 88
140 32 68 152 32 64 124 92 64 88
140 32 68 152 32 64 124 92 80 88
140 32 68 152 32 64 124 92 96 88
140 32 68 152 32 64 124 108 64 88
140 32 68 152 32 64 124 108 80 88
140 32 68 152 32 64 124 108 96 88
140 32 68 152 48 32 124 76 64 88
140 32 68 152 48 32 124 76 80 88
140 32 68 152 48 32 124 76 96 88
140 32 68 152 48 32 124 92 64 88
140 32 68 152 48 32 124 92 80 88
140 32 68 152 48 32 124 92 96 88
140 32 68 152 48 32 124 108 64 88
140 32 68 152 48 32 124 108 80 88
140 32 68 152 48 32 124 108 96 88
140 32 68 152 48 48 124 76 64 88
140 32 68 152 48 48 124 76 80 88
140 32 68 152 48 48 124 76 96 88
140 32 68 152 48 48 124 92 64 88
140 32 68 152 48 48 124 92 80 88
140 32 68 152 48 48 124 92 96 88
140 32 68 152 48 48 124 108 64 88
140 32 68 152 48 48 124 108 80 88
140 32 68 152 48 48 124 108 96 88
140 32 68 152 48 64 124 76 64 88
140 32 68 152 48 64 124 76 80 88
140 32 68 152 48 64 124 76 96 88
140 32 68 152 48 64 124 92 64 88
140 32 68 152 48 64 124 92 80 88
140 32 68 152 48 64 124 92 96 88
140 32 68 152 48 64 124 108 64 88
140 32 68 152 48 64 124 108 80 88
140 32 68 152 48 64 124 108 96 88
140 32 68 152 64 32 124 76 64 88
140 32 68 152 64 32 124 76 80 88
140 32 68 152 64 32 124 76 96 88
140 32 68 152 64 32 124 92 64 88
140 32 68 152 64 32 124 92 80 88
140 32 68 152 64 32 124 92 96 88
140 32 68 152 64 32 124 108 64 88
140 32 68 152 64 32 124 108 80 88
140 32 68 152 64 32 124 108 96 88
140 32 68 152 64 48 124 76 64 88
140 32 68 152 64 48 124 76 80 88
140 32 68 152 64 48 124 76 96 88
140 32 68 152 64 48 124 92 64 88
140 32 68 152 64 48 124 92 80 88
140 32 68 152 64 48 124 92 96 88
140 32 68 152 64 48 124 108 64 88
140 32 68 152 64 48 124 108 80 88
140 32 68 152 64 48 124 108 96 88
140 32 68 152 64 64 124 76 64 88
140 32 68 152 64 64 124 76 80 88
140 32 68 152 64 64 124 76 96 88
140 32 68 152 64 64 124 92 64 88
140 32 68 152 64 64 124 92 80 88
140 32 68 152 64 64 124 92 96 88
140 32 68 152 64 64 124 108 64 88
140 32 68 152 64 64 124 108 80 88
140 32 68 152 64 64 124 108 96 88
140 32 68 168 32 32 124 76 64 88
140 32 68 168 32 32 124 76 80 88
140 32 68 168 32 32 124 76 96 88
140 32 68 168 32 32 124 92 64 88
140 32 68 168 32 32 124 92 80 88
140 32 68 168 32 32 124 92 96 88
140 32 68 168 32 32 124 108 64 88
140 32 68 168 32 32 124 108 80 88
140 32 68 168 32 32 124 108 96 88
140 32 68 168 32 48 124 76 64 88
140 32 68 168 32 48 124 76 80 88
140 32 68 168 32 48 124 76 96 88
140 32 68 168 32 48 124 92 64 88
140 32 68 168 32 48 124 92 80 88
140 32 68 168 32 48 124 92 96 88
140 32 68 168 32 48 124 108 64 88
140 32 68 168 32 48 124 108 80 88
140 32 68 168 32 48 124 108 96 88
140 32 68 168 32 64 124 76 64 88
140 32 68 168 32 64 124 76 80 88
140 32 68 168 32 64 124 76 96 88
140 32 68 168 32 64 124 92 64 88
140 32 68 168 32 64 124 92 80 88
140 32 68 168 32 64 124 92 96 88
140 32 68 168 32 64 124 108 64 88
140 32 68 168 32 64 124 108 80 88
140 32 68 168 32 64 124 108 96 88
140 32 68 168 48 32 124 76 64 88
140 32 68 168 48 32 124 76 80 88
140 32 68 168 48 32 124 76 96 88
140 32 68 168 48 32 124 92 64 88
140 32 68 168 48 32 124 92 80 88
140 32 68 168 48 32 124 92 96 88
140 32 68 168 48 32 124 108 64 88
140 32 68 168 48 32 124 108 80 88
140 32 68 168 48 32 124 108 96 88
140 32 68 168 48 48 124 76 64 88
140 32 68 168 48 48 124 76 80 88
140 32 68 168 48 48 124 76 96 88
140 32 68 168 48 48 124 92 64 88
140 32 68 168 48 48 124 92 80 88
140 32 68 168 48 48 124 92 96 88
140 32 68 168 48 48 124 108 64 88
140 32 68 168 48 48 124 108 80 88
140 32 68 168 48 48 124 108 96 88
140 32 68 168 48 64 124 76 64 88
140 32 68 168 48 64 124 76 80 88
140 32 68 168 48 64 124 76 96 88
140 32 68 168 48 64 124 92 64 88
140 32 68 168 48 64 124 92 80 88
140 32 68 168 48 64 124 92 96 88
140 32 68 168 48 64 124 108 64 88
140 32 68 168 48 64 124 108 80 88
140 32 68 168 48 64 124 108 96 88
140 32 68 168 64 32 124 76 64 88
140 32 68 168 64 32 124 76 80 88
140 32 68 168 64 32 124 76 96 88
140 32 68 168 64 32 124 92 64 88
140 32 68 168 64 32 124 92 80 88
140 32 68 168 64 32 124 92 96 88
140 32 68 168 64 32 124 108 64 88
140 32 68 168 64 32 124 108 80 88
140 32 68 168 64 32 124 108 96 88
140 32 68 168 64 48 124 76 64 88
140 32 68 168 64 48 124 76 80 88
140 32 68 168 64 48 124 76 96 88
140 32 68 168 64 48 124 92 64 88
140 32 68 168 64 48 124 92 80 88
140 32 68 168 64 48 124 92 96 88
140 32 68 168 64 48 124 108 64 88
140 32 68 168 64 48 124 108 80 88
140 32 68 168 64 48 124 108 96 88
140 32 68 168 64 64 124 76 64 88
140 32 68 168 64 64 124 76 80 88
140 32 68 168 64 64 124 76 96 88
140 32 68 168 64 64 124 92 64 88
140 32 68 168 64 64 124 92 80 88
140 32 68 168 64 64 124 92 96 88
140 32 68 168 64 64 124 108 64 88
140 32 68 168 64 64 124 108 80 88
140 32 68 168 64 64 124 108 96 88
