128 44 32 132 28 28 124 72 60 88
128 44 32 132 28 28 124 72 80 88
128 44 32 132 28 28 124 72 100 88
128 44 32 132 28 28 124 92 60 88
128 44 32 132 28 28 124 92 80 88
128 44 32 132 28 28 124 92 100 88
128 44 32 132 28 28 124 112 60 88
128 44 32 132 28 28 124 112 80 88
128 44 32 132 28 28 124 112 100 88
128 44 32 132 28 48 124 72 60 88
128 44 32 132 28 48 124 72 80 88
128 44 32 132 28 48 124 72 100 88
128 44 32 132 28 48 124 92 60 88
128 44 32 132 28 48 124 92 80 88
128 44 32 132 28 48 124 92 100 88
128 44 32 132 28 48 124 112 60 88
128 44 32 132 28 48 124 112 80 88
128 44 32 132 28 48 124 112 100 88
128 44 32 132 28 68 124 72 60 88
128 44 32 132 28 68 124 72 80 88
128 44 32 132 28 68 124 72 100 88
128 44 32 132 28 68 124 92 60 88
128 44 32 132 28 68 124 92 80 88
128 44 32 132 28 68 124 92 100 88
128 44 32 132 28 68 124 112 60 88
128 44 32 132 28 68 124 112 80 88
128 44 32 132 28 68 124 112 100 88
128 44 32 132 48 28 124 72 60 88
128 44 32 132 48 28 124 72 80 88
128 44 32 132 48 28 124 72 100 88
128 44 32 132 48 28 124 92 60 88
128 44 32 132 48 28 124 92 80 88
128 44 32 132 48 28 124 92 100 88
128 44 32 132 48 28 124 112 60 88
128 44 32 132 48 28 124 112 80 88
128 44 32 132 48 28 124 112 100 88
128 44 32 132 48 48 124 72 60 88
128 44 32 132 48 48 124 72 80 88
128 44 32 132 48 48 124 72 100 88
128 44 32 132 48 48 124 92 60 88
128 44 32 132 48 48 124 92 80 88
128 44 32 132 48 48 124 92 100 88
128 44 32 132 48 48 124 112 60 88
128 44 32 132 48 48 124 112 80 88
128 44 32 132 48 48 124 112 100 88
128 44 32 132 48 68 124 72 60 88
128 44 32 132 48 68 124 72 80 88
128 44 32 132 48 68 124 72 100 88
128 44 32 132 48 68 124 92 60 88
128 44 32 132 48 68 124 92 80 88
128 44 32 132 48 68 124 92 100 88
128 44 32 132 48 68 124 112 60 88
128 44 32 132 48 68 124 112 80 88
128 44 32 132 48 68 124 112 100 88
128 44 32 132 68 28 124 72 60 88
128 44 32 132 68 28 124 72 80 88
128 44 32 132 68 28 124 72 100 88
128 44 32 132 68 28 124 92 60 88
128 44 32 132 68 28 124 92 80 88
128 44 32 132 68 28 124 92 100 88
128 44 32 132 68 28 124 112 60 88
128 44 32 132 68 28 124 112 80 88
128 44 32 132 68 28 124 112 100 88
128 44 32 132 68 48 124 72 60 88
128 44 32 132 68 48 124 72 80 88
128 44 32 132 68 48 124 72 100 88
128 44 32 132 68 48 124 92 60 88
128 44 32 132 68 48 124 92 80 88
128 44 32 132 68 48 124 92 100 88
128 44 32 132 68 48 124 112 60 88
128 44 32 132 68 48 124 112 80 88
128 44 32 132 68 48 124 112 100 88
128 44 32 132 68 68 124 72 60 88
128 44 32 132 68 68 124 72 80 88
128 44 32 132 68 68 124 72 100 88
128 44 32 132 68 68 124 92 60 88
128 44 32 132 68 68 124 92 80 88
128 44 32 132 68 68 124 92 100 88
128 44 32 132 68 68 124 112 60 88
128 44 32 132 68 68 124 112 80 88
128 44 32 132 68 68 124 112 100 88
128 44 32 152 28 28 124 72 60 88
128 44 32 152 28 28 124 72 80 88
128 44 32 152 28 28 124 72 100 88
128 44 32 152 28 28 124 92 60 88
128 44 32 152 28 28 124 92 80 88
128 44 32 152 28 28 124 92 100 88
128 44 32 152 28 28 124 112 60 88
128 44 32 152 28 28 124 112 80 88
128 44 32 152 28 28 124 112 100 88
128 44 32 152 28 48 124 72 60 88
128 44 32 152 28 48 124 72 80 88
128 44 32 152 28 48 124 72 100 88
128 44 32 152 28 48 124 92 60 88
128 44 32 152 28 48 124 92 80 88
128 44 32 152 28 48 124 92 100 88
128 44 32 152 28 48 124 112 60 88
128 44 32 152 28 48 124 112 80 88
128 44 32 152 28 48 124 112 100 88
128 44 32 152 28 68 124 72 60 88
128 44 32 152 28 68 124 72 80 88
128 44 32 152 28 68 124 72 100 88
128 44 32 152 28 68 124 92 60 88
128 44 32 152 28 68 124 92 80 88
128 44 32 152 28 68 124 92 100 88
128 44 32 152 28 68 124 112 60 88
128 44 32 152 28 68 124 112 80 88
128 44 32 152 28 68 124 112 100 88
128 44 32 152 48 28 124 72 60 88
128 44 32 152 48 28 124 72 80 88
128 44 32 152 48 28 124 72 100 88
128 44 32 152 48 28 124 92 60 88
128 44 32 152 48 28 124 92 80 88
128 44 32 152 48 28 124 92 100 88
128 44 32 152 48 28 124 112 60 88
128 44 32 152 48 28 124 112 80 88
128 44 32 152 48 28 124 112 100 88
128 44 32 152 48 48 124 72 60 88
128 44 32 152 48 48 124 72 80 88
128 44 32 152 48 48 124 72 100 88
128 44 32 152 48 48 124 92 60 88
128 44 32 152 48 48 124 92 80 88
128 44 32 152 48 48 124 92 100 88
128 44 32 152 48 48 124 112 60 88
128 44 32 152 48 48 124 112 80 88
128 44 32 152 48 48 124 112 100 88
128 44 32 152 48 68 124 72 60 88
128 44 32 152 48 68 124 72 80 88
128 44 32 152 48 68 124 72 100 88
128 44 32 152 48 68 124 92 60 88
128 44 32 152 48 68 124 92 80 88
128 44 32 152 48 68 124 92 100 88
128 44 32 152 48 68 124 112 60 88
128 44 32 152 48 68 124 112 80 88
128 44 32 152 48 68 124 112 100 88
128 44 32 152 68 28 124 72 60 88
128 44 32 152 68 28 124 72 80 88
128 44 32 152 68 28 124 72 100 88
128 44 32 152 68 28 124 92 60 88
128 44 32 152 68 28 124 92 80 88
128 44 32 152 68 28 124 92 100 88
128 44 32 152 68 28 124 112 60 88
128 44 32 152 68 28 124 112 80 88
128 44 32 152 68 28 124 112 100 88
128 44 32 152 68 48 124 72 60 88
128 44 32 152 68 48 124 72 80 88
128 44 32 152 68 48 124 72 100 88
128 44 32 152 68 48 124 92 60 88
128 44 32 152 68 48 124 92 80 88
128 44 32 152 68 48 124 92 100 88
128 44 32 152 68 48 124 112 60 88
128 44 32 152 68 48 124 112 80 88
128 44 32 152 68 48 124 112 100 88
128 44 32 152 68 68 124 72 60 88
128 44 32 152 68 68 124 72 80 88
128 44 32 152 68 68 124 72 100 88
128 44 32 152 68 68 124 92 60 88
128 44 32 152 68 68 124 92 80 88
128 44 32 152 68 68 124 92 100 88
128 44 32 152 68 68 124 112 60 88
128 44 32 152 68 68 124 112 80 88
128 44 32 152 68 68 124 112 100 88
128 44 32 172 28 28 124 72 60 88
128 44 32 172 28 28 124 72 80 88
128 44 32 172 28 28 124 72 100 88
128 44 32 172 28 28 124 92 60 88
128 44 32 172 28 28 124 92 80 88
128 44 32 172 28 28 124 92 100 88
128 44 32 172 28 28 124 112 60 88
128 44 32 172 28 28 124 112 80 88
128 44 32 172 28 28 124 112 100 88
128 44 32 172 28 48 124 72 60 88
128 44 32 172 28 48 124 72 80 88
128 44 32 172 28 48 124 72 100 88
128 44 32 172 28 48 124 92 60 88
128 44 32 172 28 48 124 92 80 88
128 44 32 172 28 48 124 92 100 88
128 44 32 172 28 48 124 112 60 88
128 44 32 172 28 48 124 112 80 88
128 44 32 172 28 48 124 112 100 88
128 44 32 172 28 68 124 72 60 88
128 44 32 172 28 68 124 72 80 88
128 44 32 172 28 68 124 72 100 88
128 44 32 172 28 68 124 92 60 88
128 44 32 172 28 68 124 92 80 88
128 44 32 172 28 68 124 92 100 88
128 44 32 172 28 68 124 112 60 88
128 44 32 172 28 68 124 112 80 88
128 44 32 172 28 68 124 112 100 88
128 44 32 172 48 28 124 72 60 88
128 44 32 172 48 28 124 72 80 88
128 44 32 172 48 28 124 72 100 88
128 44 32 172 48 28 124 92 60 88
128 44 32 172 48 28 124 92 80 88
128 44 32 172 48 28 124 92 100 88
128 44 32 172 48 28 124 112 60 88
128 44 32 172 48 28 124 112 80 88
128 44 32 172 48 28 124 112 100 88
128 44 32 172 48 48 124 72 60 88
128 44 32 172 48 48 124 72 80 88
128 44 32 172 48 48 124 72 100 88
128 44 32 172 48 48 124 92 60 88
128 44 32 172 48 48 124 92 80 88
128 44 32 172 48 48 124 92 100 88
128 44 32 172 48 48 124 112 60 88
128 44 32 172 48 48 124 112 80 88
128 44 32 172 48 48 124 112 100 88
128 44 32 172 48 68 124 72 60 88
128 44 32 172 48 68 124 72 80 88
128 44 32 172 48 68 124 72 100 88
128 44 32 172 48 68 124 92 60 88
128 44 32 172 48 68 124 92 80 88
128 44 32 172 48 68 124 92 100 88
128 44 32 172 48 68 124 112 60 88
128 44 32 172 48 68 124 112 80 88
128 44 32 172 48 68 124 112 100 88
128 44 32 172 68 28 124 72 60 88
128 44 32 172 68 28 124 72 80 88
128 44 32 172 68 28 124 72 100 88
128 44 32 172 68 28 124 92 60 88
128 44 32 172 68 28 124 92 80 88
128 44 32 172 68 28 124 92 100 88
128 44 32 172 68 28 124 112 60 88
128 44 32 172 68 28 124 112 80 88
128 44 32 172 68 28 124 112 100 88
128 44 32 172 68 48 124 72 60 88
128 44 32 172 68 48 124 72 80 88
128 44 32 172 68 48 124 72 100 88
128 44 32 172 68 48 124 92 60 88
128 44 32 172 68 48 124 92 80 88
128 44 32 172 68 48 124 92 100 88
128 44 32 172 68 48 124 112 60 88
128 44 32 172 68 48 124 112 80 88
128 44 32 172 68 48 124 112 100 88
128 44 32 172 68 68 124 72 60 88
128 44 32 172 68 68 124 72 80 88
128 44 32 172 68 68 124 72 100 88
128 44 32 172 68 68 124 92 60 88
128 44 32 172 68 68 124 92 80 88
128 44 32 172 68 68 124 92 100 88
128 44 32 172 68 68 124 112 60 88
128 44 32 172 68 68 124 112 80 88
128 44 32 172 68 68 124 112 100 88
128 44 52 132 28 28 124 72 60 88
128 44 52 132 28 28 124 72 80 88
128 44 52 132 28 28 124 72 100 88
128 44 52 132 28 28 124 92 60 88
128 44 52 132 28 28 124 92 80 88
128 44 52 132 28 28 124 92 100 88
128 44 52 132 28 28 124 112 60 88
128 44 52 132 28 28 124 112 80 88
128 44 52 132 28 28 124 112 100 88
128 44 52 132 28 48 124 72 60 88
128 44 52 132 28 48 124 72 80 88
128 44 52 132 28 48 124 72 100 88
128 44 52 132 28 48 124 92 60 88
128 44 52 132 28 48 124 92 80 88
128 44 52 132 28 48 124 92 100 88
128 44 52 132 28 48 124 112 60 88
128 44 52 132 28 48 124 112 80 88
128 44 52 132 28 48 124 112 100 88
128 44 52 132 28 68 124 72 60 88
128 44 52 132 28 68 124 72 80 88
128 44 52 132 28 68 124 72 100 88
128 44 52 132 28 68 124 92 60 88
128 44 52 132 28 68 124 92 80 88
128 44 52 132 28 68 124 92 100 88
128 44 52 132 28 68 124 112 60 88
128 44 52 132 28 68 124 112 80 88
128 44 52 132 28 68 124 112 100 88
128 44 52 132 48 28 124 72 60 88
128 44 52 132 48 28 124 72 80 88
128 44 52 132 48 28 124 72 100 88
128 44 52 132 48 28 124 92 60 88
128 44 52 132 48 28 124 92 80 88
128 44 52 132 48 28 124 92 100 88
128 44 52 132 48 28 124 112 60 88
128 44 52 132 48 28 124 112 80 88
128 44 52 132 48 28 124 112 100 88
128 44 52 132 48 48 124 72 60 88
128 44 52 132 48 48 124 72 80 88
128 44 52 132 48 48 124 72 100 88
128 44 52 132 48 48 124 92 60 88
128 44 52 132 48 48 124 92 80 88
128 44 52 132 48 48 124 92 100 88
128 44 52 132 48 48 124 112 60 88
128 44 52 132 48 48 124 112 80 88
128 44 52 132 48 48 124 112 100 88
128 44 52 132 48 68 124 72 60 88
128 44 52 132 48 68 124 72 80 88
128 44 52 132 48 68 124 72 100 88
128 44 52 132 48 68 124 92 60 88
128 44 52 132 48 68 124 92 80 88
128 44 52 132 48 68 124 92 100 88
128 44 52 132 48 68 124 112 60 88
128 44 52 132 48 68 124 112 80 88
128 44 52 132 48 68 124 112 100 88
128 44 52 132 68 28 124 72 60 88
128 44 52 132 68 28 124 72 80 88
128 44 52 132 68 28 124 72 100 88
128 44 52 132 68 28 124 92 60 88
128 44 52 132 68 28 124 92 80 88
128 44 52 132 68 28 124 92 100 88
128 44 52 132 68 28 124 112 60 88
128 44 52 132 68 28 124 112 80 88
128 44 52 132 68 28 124 112 100 88
128 44 52 132 68 48 124 72 60 88
128 44 52 132 68 48 124 72 80 88
128 44 52 132 68 48 124 72 100 88
128 44 52 132 68 48 124 92 60 88
128 44 52 132 68 48 124 92 80 88
128 44 52 132 68 48 124 92 100 88
128 44 52 132 68 48 124 112 60 88
128 44 52 132 68 48 124 112 80 88
128 44 52 132 68 48 124 112 100 88
128 44 52 132 68 68 124 72 60 88
128 44 52 132 68 68 124 72 80 88
128 44 52 132 68 68 124 72 100 88
128 44 52 132 68 68 124 92 60 88
128 44 52 132 68 68 124 92 80 88
128 44 52 132 68 68 124 92 100 88
128 44 52 132 68 68 124 112 60 88
128 44 52 132 68 68 124 112 80 88
128 44 52 132 68 68 124 112 100 88
128 44 52 152 28 28 124 72 60 88
128 44 52 152 28 28 124 72 80 88
128 44 52 152 28 28 124 72 100 88
128 44 52 152 28 28 124 92 60 88
128 44 52 152 28 28 124 92 80 88
128 44 52 152 28 28 124 92 100 88
128 44 52 152 28 28 124 112 60 88
128 44 52 152 28 28 124 112 80 88
128 44 52 152 28 28 124 112 100 88
128 44 52 152 28 48 124 72 60 88
128 44 52 152 28 48 124 72 80 88
128 44 52 152 28 48 124 72 100 88
128 44 52 152 28 48 124 92 60 88
128 44 52 152 28 48 124 92 80 88
128 44 52 152 28 48 124 92 100 88
128 44 52 152 28 48 124 112 60 88
128 44 52 152 28 48 124 112 80 88
128 44 52 152 28 48 124 112 100 88
128 44 52 152 28 68 124 72 60 88
128 44 52 152 28 68 124 72 80 88
128 44 52 152 28 68 124 72 100 88
128 44 52 152 28 68 124 92 60 88
128 44 52 152 28 68 124 92 80 88
128 44 52 152 28 68 124 92 100 88
128 44 52 152 28 68 124 112 60 88
128 44 52 152 28 68 124 112 80 88
128 44 52 152 28 68 124 112 100 88
128 44 52 152 48 28 124 72 60 88
128 44 52 152 48 28 124 72 80 88
128 44 52 152 48 28 124 72 100 88
128 44 52 152 48 28 124 92 60 88
128 44 52 152 48 28 124 92 80 88
128 44 52 152 48 28 124 92 100 88
128 44 52 152 48 28 124 112 60 88
128 44 52 152 48 28 124 112 80 88
128 44 52 152 48 28 124 112 100 88
128 44 52 152 48 48 124 72 60 88
128 44 52 152 48 48 124 72 80 88
128 44 52 152 48 48 124 72 100 88
128 44 52 152 48 48 124 92 60 88
128 44 52 152 48 48 124 92 80 88
128 44 52 152 48 48 124 92 100 88
128 44 52 152 48 48 124 112 60 88
128 44 52 152 48 48 124 112 80 88
128 44 52 152 48 48 124 112 100 88
128 44 52 152 48 68 124 72 60 88
128 44 52 152 48 68 124 72 80 88
128 44 52 152 48 68 124 72 100 88
128 44 52 152 48 68 124 92 60 88
128 44 52 152 48 68 124 92 80 88
128 44 52 152 48 68 124 92 100 88
128 44 52 152 48 68 124 112 60 88
128 44 52 152 48 68 124 112 80 88
128 44 52 152 48 68 124 112 100 88
128 44 52 152 68 28 124 72 60 88
128 44 52 152 68 28 124 72 80 88
128 44 52 152 68 28 124 72 100 88
128 44 52 152 68 28 124 92 60 88
128 44 52 152 68 28 124 92 80 88
128 44 52 152 68 28 124 92 100 88
128 44 52 152 68 28 124 112 60 88
128 44 52 152 68 28 124 112 80 88
128 44 52 152 68 28 124 112 100 88
128 44 52 152 68 48 124 72 60 88
128 44 52 152 68 48 124 72 80 88
128 44 52 152 68 48 124 72 100 88
128 44 52 152 68 48 124 92 60 88
128 44 52 152 68 48 124 92 80 88
128 44 52 152 68 48 124 92 100 88
128 44 52 152 68 48 124 112 60 88
128 44 52 152 68 48 124 112 80 88
128 44 52 152 68 48 124 112 100 88
128 44 52 152 68 68 124 72 60 88
128 44 52 152 68 68 124 72 80 88
128 44 52 152 68 68 124 72 100 88
128 44 52 152 68 68 124 92 60 88
128 44 52 152 68 68 124 92 80 88
128 44 52 152 68 68 124 92 100 88
128 44 52 152 68 68 124 112 60 88
128 44 52 152 68 68 124 112 80 88
128 44 52 152 68 68 124 112 100 88
128 44 52 172 28 28 124 72 60 88
128 44 52 172 28 28 124 72 80 88
128 44 52 172 28 28 124 72 100 88
128 44 52 172 28 28 124 92 60 88
128 44 52 172 28 28 124 92 80 88
128 44 52 172 28 28 124 92 100 88
128 44 52 172 28 28 124 112 60 88
128 44 52 172 28 28 124 112 80 88
128 44 52 172 28 28 124 112 100 88
128 44 52 172 28 48 124 72 60 88
128 44 52 172 28 48 124 72 80 88
128 44 52 172 28 48 124 72 100 88
128 44 52 172 28 48 124 92 60 88
128 44 52 172 28 48 124 92 80 88
128 44 52 172 28 48 124 92 100 88
128 44 52 172 28 48 124 112 60 88
128 44 52 172 28 48 124 112 80 88
128 44 52 172 28 48 124 112 100 88
128 44 52 172 28 68 124 72 60 88
128 44 52 172 28 68 124 72 80 88
128 44 52 172 28 68 124 72 100 88
128 44 52 172 28 68 124 92 60 88
128 44 52 172 28 68 124 92 80 88
128 44 52 172 28 68 124 92 100 88
128 44 52 172 28 68 124 112 60 88
128 44 52 172 28 68 124 112 80 88
128 44 52 172 28 68 124 112 100 88
128 44 52 172 48 28 124 72 60 88
128 44 52 172 48 28 124 72 80 88
128 44 52 172 48 28 124 72 100 88
128 44 52 172 48 28 124 92 60 88
128 44 52 172 48 28 124 92 80 88
128 44 52 172 48 28 124 92 100 88
128 44 52 172 48 28 124 112 60 88
128 44 52 172 48 28 124 112 80 88
128 44 52 172 48 28 124 112 100 88
128 44 52 172 48 48 124 72 60 88
128 44 52 172 48 48 124 72 80 88
128 44 52 172 48 48 124 72 100 88
128 44 52 172 48 48 124 92 60 88
128 44 52 172 48 48 124 92 80 88
128 44 52 172 48 48 124 92 100 88
128 44 52 172 48 48 124 112 60 88
128 44 52 172 48 48 124 112 80 88
128 44 52 172 48 48 124 112 100 88
128 44 52 172 48 68 124 72 60 88
128 44 52 172 48 68 124 72 80 88
128 44 52 172 48 68 124 72 100 88
128 44 52 172 48 68 124 92 60 88
128 44 52 172 48 68 124 92 80 88
128 44 52 172 48 68 124 92 100 88
128 44 52 172 48 68 124 112 60 88
128 44 52 172 48 68 124 112 80 88
128 44 52 172 48 68 124 112 100 88
128 44 52 172 68 28 124 72 60 88
128 44 52 172 68 28 124 72 80 88
128 44 52 172 68 28 124 72 100 88
128 44 52 172 68 28 124 92 60 88
128 44 52 172 68 28 124 92 80 88
128 44 52 172 68 28 124 92 100 88
128 44 52 172 68 28 124 112 60 88
128 44 52 172 68 28 124 112 80 88
128 44 52 172 68 28 124 112 100 88
128 44 52 172 68 48 124 72 60 88
128 44 52 172 68 48 124 72 80 88
128 44 52 172 68 48 124 72 100 88
128 44 52 172 68 48 124 92 60 88
128 44 52 172 68 48 124 92 80 88
128 44 52 172 68 48 124 92 100 88
128 44 52 172 68 48 124 112 60 88
128 44 52 172 68 48 124 112 80 88
128 44 52 172 68 48 124 112 100 88
128 44 52 172 68 68 124 72 60 88
128 44 52 172 68 68 124 72 80 88
128 44 52 172 68 68 124 72 100 88
128 44 52 172 68 68 124 92 60 88
128 44 52 172 68 68 124 92 80 88
128 44 52 172 68 68 124 92 100 88
128 44 52 172 68 68 124 112 60 88
128 44 52 172 68 68 124 112 80 88
128 44 52 172 68 68 124 112 100 88
128 44 72 132 28 28 124 72 60 88
128 44 72 132 28 28 124 72 80 88
128 44 72 132 28 28 124 72 100 88
128 44 72 132 28 28 124 92 60 88
128 44 72 132 28 28 124 92 80 88
128 44 72 132 28 28 124 92 100 88
128 44 72 132 28 28 124 112 60 88
128 44 72 132 28 28 124 112 80 88
128 44 72 132 28 28 124 112 100 88
128 44 72 132 28 48 124 72 60 88
128 44 72 132 28 48 124 72 80 88
128 44 72 132 28 48 124 72 100 88
128 44 72 132 28 48 124 92 60 88
128 44 72 132 28 48 124 92 80 88
128 44 72 132 28 48 124 92 100 88
128 44 72 132 28 48 124 112 60 88
128 44 72 132 28 48 124 112 80 88
128 44 72 132 28 48 124 112 100 88
128 44 72 132 28 68 124 72 60 88
128 44 72 132 28 68 124 72 80 88
128 44 72 132 28 68 124 72 100 88
128 44 72 132 28 68 124 92 60 88
128 44 72 132 28 68 124 92 80 88
128 44 72 132 28 68 124 92 100 88
128 44 72 132 28 68 124 112 60 88
128 44 72 132 28 68 124 112 80 88
128 44 72 132 28 68 124 112 100 88
128 44 72 132 48 28 124 72 60 88
128 44 72 132 48 28 124 72 80 88
128 44 72 132 48 28 124 72 100 88
128 44 72 132 48 28 124 92 60 88
128 44 72 132 48 28 124 92 80 88
128 44 72 132 48 28 124 92 100 88
128 44 72 132 48 28 124 112 60 88
128 44 72 132 48 28 124 112 80 88
128 44 72 132 48 28 124 112 100 88
128 44 72 132 48 48 124 72 60 88
128 44 72 132 48 48 124 72 80 88
128 44 72 132 48 48 124 72 100 88
128 44 72 132 48 48 124 92 60 88
128 44 72 132 48 48 124 92 80 88
128 44 72 132 48 48 124 92 100 88
128 44 72 132 48 48 124 112 60 88
128 44 72 132 48 48 124 112 80 88
128 44 72 132 48 48 124 112 100 88
128 44 72 132 48 68 124 72 60 88
128 44 72 132 48 68 124 72 80 88
128 44 72 132 48 68 124 72 100 88
128 44 72 132 48 68 124 92 60 88
128 44 72 132 48 68 124 92 80 88
128 44 72 132 48 68 124 92 100 88
128 44 72 132 48 68 124 112 60 88
128 44 72 132 48 68 124 112 80 88
128 44 72 132 48 68 124 112 100 88
128 44 72 132 68 28 124 72 60 88
128 44 72 132 68 28 124 72 80 88
128 44 72 132 68 28 124 72 100 88
128 44 72 132 68 28 124 92 60 88
128 44 72 132 68 28 124 92 80 88
128 44 72 132 68 28 124 92 100 88
128 44 72 132 68 28 124 112 60 88
128 44 72 132 68 28 124 112 80 88
128 44 72 132 68 28 124 112 100 88
128 44 72 132 68 48 124 72 60 88
128 44 72 132 68 48 124 72 80 88
128 44 72 132 68 48 124 72 100 88
128 44 72 132 68 48 124 92 60 88
128 44 72 132 68 48 124 92 80 88
128 44 72 132 68 48 124 92 100 88
128 44 72 132 68 48 124 112 60 88
128 44 72 132 68 48 124 112 80 88
128 44 72 132 68 48 124 112 100 88
128 44 72 132 68 68 124 72 60 88
128 44 72 132 68 68 124 72 80 88
128 44 72 132 68 68 124 72 100 88
128 44 72 132 68 68 124 92 60 88
128 44 72 132 68 68 124 92 80 88
128 44 72 132 68 68 124 92 100 88
128 44 72 132 68 68 124 112 60 88
128 44 72 132 68 68 124 112 80 88
128 44 72 132 68 68 124 112 100 88
128 44 72 152 28 28 124 72 60 88
128 44 72 152 28 28 124 72 80 88
128 44 72 152 28 28 124 72 100 88
128 44 72 152 28 28 124 92 60 88
128 44 72 152 28 28 124 92 80 88
128 44 72 152 28 28 124 92 100 88
128 44 72 152 28 28 124 112 60 88
128 44 72 152 28 28 124 112 80 88
128 44 72 152 28 28 124 112 100 88
128 44 72 152 28 48 124 72 60 88
128 44 72 152 28 48 124 72 80 88
128 44 72 152 28 48 124 72 100 88
128 44 72 152 28 48 124 92 60 88
128 44 72 152 28 48 124 92 80 88
128 44 72 152 28 48 124 92 100 88
128 44 72 152 28 48 124 112 60 88
128 44 72 152 28 48 124 112 80 88
128 44 72 152 28 48 124 112 100 88
128 44 72 152 28 68 124 72 60 88
128 44 72 152 28 68 124 72 80 88
128 44 72 152 28 68 124 72 100 88
128 44 72 152 28 68 124 92 60 88
128 44 72 152 28 68 124 92 80 88
128 44 72 152 28 68 124 92 100 88
128 44 72 152 28 68 124 112 60 88
128 44 72 152 28 68 124 112 80 88
128 44 72 152 28 68 124 112 100 88
128 44 72 152 48 28 124 72 60 88
128 44 72 152 48 28 124 72 80 88
128 44 72 152 48 28 124 72 100 88
128 44 72 152 48 28 124 92 60 88
128 44 72 152 48 28 124 92 80 88
128 44 72 152 48 28 124 92 100 88
128 44 72 152 48 28 124 112 60 88
128 44 72 152 48 28 124 112 80 88
128 44 72 152 48 28 124 112 100 88
128 44 72 152 48 48 124 72 60 88
128 44 72 152 48 48 124 72 80 88
128 44 72 152 48 48 124 72 100 88
128 44 72 152 48 48 124 92 60 88
128 44 72 152 48 48 124 92 80 88
128 44 72 152 48 48 124 92 100 88
128 44 72 152 48 48 124 112 60 88
128 44 72 152 48 48 124 112 80 88
128 44 72 152 48 48 124 112 100 88
128 44 72 152 48 68 124 72 60 88
128 44 72 152 48 68 124 72 80 88
128 44 72 152 48 68 124 72 100 88
128 44 72 152 48 68 124 92 60 88
128 44 72 152 48 68 124 92 80 88
128 44 72 152 48 68 124 92 100 88
128 44 72 152 48 68 124 112 60 88
128 44 72 152 48 68 124 112 80 88
128 44 72 152 48 68 124 112 100 88
128 44 72 152 68 28 124 72 60 88
128 44 72 152 68 28 124 72 80 88
128 44 72 152 68 28 124 72 100 88
128 44 72 152 68 28 124 92 60 88
128 44 72 152 68 28 124 92 80 88
128 44 72 152 68 28 124 92 100 88
128 44 72 152 68 28 124 112 60 88
128 44 72 152 68 28 124 112 80 88
128 44 72 152 68 28 124 112 100 88
128 44 72 152 68 48 124 72 60 88
128 44 72 152 68 48 124 72 80 88
128 44 72 152 68 48 124 72 100 88
128 44 72 152 68 48 124 92 60 88
128 44 72 152 68 48 124 92 80 88
128 44 72 152 68 48 124 92 100 88
128 44 72 152 68 48 124 112 60 88
128 44 72 152 68 48 124 112 80 88
128 44 72 152 68 48 124 112 100 88
128 44 72 152 68 68 124 72 60 88
128 44 72 152 68 68 124 72 80 88
128 44 72 152 68 68 124 72 100 88
128 44 72 152 68 68 124 92 60 88
128 44 72 152 68 68 124 92 80 88
128 44 72 152 68 68 124 92 100 88
128 44 72 152 68 68 124 112 60 88
128 44 72 152 68 68 124 112 80 88
128 44 72 152 68 68 124 112 100 88
128 44 72 172 28 28 124 72 60 88
128 44 72 172 28 28 124 72 80 88
128 44 72 172 28 28 124 72 100 88
128 44 72 172 28 28 124 92 60 88
128 44 72 172 28 28 124 92 80 88
128 44 72 172 28 28 124 92 100 88
128 44 72 172 28 28 124 112 60 88
128 44 72 172 28 28 124 112 80 88
128 44 72 172 28 28 124 112 100 88
128 44 72 172 28 48 124 72 60 88
128 44 72 172 28 48 124 72 80 88
128 44 72 172 28 48 124 72 100 88
128 44 72 172 28 48 124 92 60 88
128 44 72 172 28 48 124 92 80 88
128 44 72 172 28 48 124 92 100 88
128 44 72 172 28 48 124 112 60 88
128 44 72 172 28 48 124 112 80 88
128 44 72 172 28 48 124 112 100 88
128 44 72 172 28 68 124 72 60 88
128 44 72 172 28 68 124 72 80 88
128 44 72 172 28 68 124 72 100 88
128 44 72 172 28 68 124 92 60 88
128 44 72 172 28 68 124 92 80 88
128 44 72 172 28 68 124 92 100 88
128 44 72 172 28 68 124 112 60 88
128 44 72 172 28 68 124 112 80 88
128 44 72 172 28 68 124 112 100 88
128 44 72 172 48 28 124 72 60 88
128 44 72 172 48 28 124 72 80 88
128 44 72 172 48 28 124 72 100 88
128 44 72 172 48 28 124 92 60 88
128 44 72 172 48 28 124 92 80 88
128 44 72 172 48 28 124 92 100 88
128 44 72 172 48 28 124 112 60 88
128 44 72 172 48 28 124 112 80 88
128 44 72 172 48 28 124 112 100 88
128 44 72 172 48 48 124 72 60 88
128 44 72 172 48 48 124 72 80 88
128 44 72 172 48 48 124 72 100 88
128 44 72 172 48 48 124 92 60 88
128 44 72 172 48 48 124 92 80 88
128 44 72 172 48 48 124 92 100 88
128 44 72 172 48 48 124 112 60 88
128 44 72 172 48 48 124 112 80 88
128 44 72 172 48 48 124 112 100 88
128 44 72 172 48 68 124 72 60 88
128 44 72 172 48 68 124 72 80 88
128 44 72 172 48 68 124 72 100 88
128 44 72 172 48 68 124 92 60 88
128 44 72 172 48 68 124 92 80 88
128 44 72 172 48 68 124 92 100 88
128 44 72 172 48 68 124 112 60 88
128 44 72 172 48 68 124 112 80 88
128 44 72 172 48 68 124 112 100 88
128 44 72 172 68 28 124 72 60 88
128 44 72 172 68 28 124 72 80 88
128 44 72 172 68 28 124 72 100 88
128 44 72 172 68 28 124 92 60 88
128 44 72 172 68 28 124 92 80 88
128 44 72 172 68 28 124 92 100 88
128 44 72 172 68 28 124 112 60 88
128 44 72 172 68 28 124 112 80 88
128 44 72 172 68 28 124 112 100 88
128 44 72 172 68 48 124 72 60 88
128 44 72 172 68 48 124 72 80 88
128 44 72 172 68 48 124 72 100 88
128 44 72 172 68 48 124 92 60 88
128 44 72 172 68 48 124 92 80 88
128 44 72 172 68 48 124 92 100 88
128 44 72 172 68 48 124 112 60 88
128 44 72 172 68 48 124 112 80 88
128 44 72 172 68 48 124 112 100 88
128 44 72 172 68 68 124 72 60 88
128 44 72 172 68 68 124 72 80 88
128 44 72 172 68 68 124 72 100 88
128 44 72 172 68 68 124 92 60 88
128 44 72 172 68 68 124 92 80 88
128 44 72 172 68 68 124 92 100 88
128 44 72 172 68 68 124 112 60 88
128 44 72 172 68 68 124 112 80 88
128 44 72 172 68 68 124 112 100 88
