128 44 28 128 24 24 124 68 56 88
128 44 28 128 24 24 124 68 80 88
128 44 28 128 24 24 124 68 104 88
128 44 28 128 24 24 124 92 56 88
128 44 28 128 24 24 124 92 80 88
128 44 28 128 24 24 124 92 104 88
128 44 28 128 24 24 124 116 56 88
128 44 28 128 24 24 124 116 80 88
128 44 28 128 24 24 124 116 104 88
128 44 28 128 24 48 124 68 56 88
128 44 28 128 24 48 124 68 80 88
128 44 28 128 24 48 124 68 104 88
128 44 28 128 24 48 124 92 56 88
128 44 28 128 24 48 124 92 80 88
128 44 28 128 24 48 124 92 104 88
128 44 28 128 24 48 124 116 56 88
128 44 28 128 24 48 124 116 80 88
128 44 28 128 24 48 124 116 104 88
128 44 28 128 24 72 124 68 56 88
128 44 28 128 24 72 124 68 80 88
128 44 28 128 24 72 124 68 104 88
128 44 28 128 24 72 124 92 56 88
128 44 28 128 24 72 124 92 80 88
128 44 28 128 24 72 124 92 104 88
128 44 28 128 24 72 124 116 56 88
128 44 28 128 24 72 124 116 80 88
128 44 28 128 24 72 124 116 104 88
128 44 28 128 48 24 124 68 56 88
128 44 28 128 48 24 124 68 80 88
128 44 28 128 48 24 124 68 104 88
128 44 28 128 48 24 124 92 56 88
128 44 28 128 48 24 124 92 80 88
128 44 28 128 48 24 124 92 104 88
128 44 28 128 48 24 124 116 56 88
128 44 28 128 48 24 124 116 80 88
128 44 28 128 48 24 124 116 104 88
128 44 28 128 48 48 124 68 56 88
128 44 28 128 48 48 124 68 80 88
128 44 28 128 48 48 124 68 104 88
128 44 28 128 48 48 124 92 56 88
128 44 28 128 48 48 124 92 80 88
128 44 28 128 48 48 124 92 104 88
128 44 28 128 48 48 124 116 56 88
128 44 28 128 48 48 124 116 80 88
128 44 28 128 48 48 124 116 104 88
128 44 28 128 48 72 124 68 56 88
128 44 28 128 48 72 124 68 80 88
128 44 28 128 48 72 124 68 104 88
128 44 28 128 48 72 124 92 56 88
128 44 28 128 48 72 124 92 80 88
128 44 28 128 48 72 124 92 104 88
128 44 28 128 48 72 124 116 56 88
128 44 28 128 48 72 124 116 80 88
128 44 28 128 48 72 124 116 104 88
128 44 28 128 72 24 124 68 56 88
128 44 28 128 72 24 124 68 80 88
128 44 28 128 72 24 124 68 104 88
128 44 28 128 72 24 124 92 56 88
128 44 28 128 72 24 124 92 80 88
128 44 28 128 72 24 124 92 104 88
128 44 28 128 72 24 124 116 56 88
128 44 28 128 72 24 124 116 80 88
128 44 28 128 72 24 124 116 104 88
128 44 28 128 72 48 124 68 56 88
128 44 28 128 72 48 124 68 80 88
128 44 28 128 72 48 124 68 104 88
128 44 28 128 72 48 124 92 56 88
128 44 28 128 72 48 124 92 80 88
128 44 28 128 72 48 124 92 104 88
128 44 28 128 72 48 124 116 56 88
128 44 28 128 72 48 124 116 80 88
128 44 28 128 72 48 124 116 104 88
128 44 28 128 72 72 124 68 56 88
128 44 28 128 72 72 124 68 80 88
128 44 28 128 72 72 124 68 104 88
128 44 28 128 72 72 124 92 56 88
128 44 28 128 72 72 124 92 80 88
128 44 28 128 72 72 124 92 104 88
128 44 28 128 72 72 124 116 56 88
128 44 28 128 72 72 124 116 80 88
128 44 28 128 72 72 124 116 104 88
128 44 28 152 24 24 124 68 56 88
128 44 28 152 24 24 124 68 80 88
128 44 28 152 24 24 124 68 104 88
128 44 28 152 24 24 124 92 56 88
128 44 28 152 24 24 124 92 80 88
128 44 28 152 24 24 124 92 104 88
128 44 28 152 24 24 124 116 56 88
128 44 28 152 24 24 124 116 80 88
128 44 28 152 24 24 124 116 104 88
128 44 28 152 24 48 124 68 56 88
128 44 28 152 24 48 124 68 80 88
128 44 28 152 24 48 124 68 104 88
128 44 28 152 24 48 124 92 56 88
128 44 28 152 24 48 124 92 80 88
128 44 28 152 24 48 124 92 104 88
128 44 28 152 24 48 124 116 56 88
128 44 28 152 24 48 124 116 80 88
128 44 28 152 24 48 124 116 104 88
128 44 28 152 24 72 124 68 56 88
128 44 28 152 24 72 124 68 80 88
128 44 28 152 24 72 124 68 104 88
128 44 28 152 24 72 124 92 56 88
128 44 28 152 24 72 124 92 80 88
128 44 28 152 24 72 124 92 104 88
128 44 28 152 24 72 124 116 56 88
128 44 28 152 24 72 124 116 80 88
128 44 28 152 24 72 124 116 104 88
128 44 28 152 48 24 124 68 56 88
128 44 28 152 48 24 124 68 80 88
128 44 28 152 48 24 124 68 104 88
128 44 28 152 48 24 124 92 56 88
128 44 28 152 48 24 124 92 80 88
128 44 28 152 48 24 124 92 104 88
128 44 28 152 48 24 124 116 56 88
128 44 28 152 48 24 124 116 80 88
128 44 28 152 48 24 124 116 104 88
128 44 28 152 48 48 124 68 56 88
128 44 28 152 48 48 124 68 80 88
128 44 28 152 48 48 124 68 104 88
128 44 28 152 48 48 124 92 56 88
128 44 28 152 48 48 124 92 80 88
128 44 28 152 48 48 124 92 104 88
128 44 28 152 48 48 124 116 56 88
128 44 28 152 48 48 124 116 80 88
128 44 28 152 48 48 124 116 104 88
128 44 28 152 48 72 124 68 56 88
128 44 28 152 48 72 124 68 80 88
128 44 28 152 48 72 124 68 104 88
128 44 28 152 48 72 124 92 56 88
128 44 28 152 48 72 124 92 80 88
128 44 28 152 48 72 124 92 104 88
128 44 28 152 48 72 124 116 56 88
128 44 28 152 48 72 124 116 80 88
128 44 28 152 48 72 124 116 104 88
128 44 28 152 72 24 124 68 56 88
128 44 28 152 72 24 124 68 80 88
128 44 28 152 72 24 124 68 104 88
128 44 28 152 72 24 124 92 56 88
128 44 28 152 72 24 124 92 80 88
128 44 28 152 72 24 124 92 104 88
128 44 28 152 72 24 124 116 56 88
128 44 28 152 72 24 124 116 80 88
128 44 28 152 72 24 124 116 104 88
128 44 28 152 72 48 124 68 56 88
128 44 28 152 72 48 124 68 80 88
128 44 28 152 72 48 124 68 104 88
128 44 28 152 72 48 124 92 56 88
128 44 28 152 72 48 124 92 80 88
128 44 28 152 72 48 124 92 104 88
128 44 28 152 72 48 124 116 56 88
128 44 28 152 72 48 124 116 80 88
128 44 28 152 72 48 124 116 104 88
128 44 28 152 72 72 124 68 56 88
128 44 28 152 72 72 124 68 80 88
128 44 28 152 72 72 124 68 104 88
128 44 28 152 72 72 124 92 56 88
128 44 28 152 72 72 124 92 80 88
128 44 28 152 72 72 124 92 104 88
128 44 28 152 72 72 124 116 56 88
128 44 28 152 72 72 124 116 80 88
128 44 28 152 72 72 124 116 104 88
128 44 28 176 24 24 124 68 56 88
128 44 28 176 24 24 124 68 80 88
128 44 28 176 24 24 124 68 104 88
128 44 28 176 24 24 124 92 56 88
128 44 28 176 24 24 124 92 80 88
128 44 28 176 24 24 124 92 104 88
128 44 28 176 24 24 124 116 56 88
128 44 28 176 24 24 124 116 80 88
128 44 28 176 24 24 124 116 104 88
128 44 28 176 24 48 124 68 56 88
128 44 28 176 24 48 124 68 80 88
128 44 28 176 24 48 124 68 104 88
128 44 28 176 24 48 124 92 56 88
128 44 28 176 24 48 124 92 80 88
128 44 28 176 24 48 124 92 104 88
128 44 28 176 24 48 124 116 56 88
128 44 28 176 24 48 124 116 80 88
128 44 28 176 24 48 124 116 104 88
128 44 28 176 24 72 124 68 56 88
128 44 28 176 24 72 124 68 80 88
128 44 28 176 24 72 124 68 104 88
128 44 28 176 24 72 124 92 56 88
128 44 28 176 24 72 124 92 80 88
128 44 28 176 24 72 124 92 104 88
128 44 28 176 24 72 124 116 56 88
128 44 28 176 24 72 124 116 80 88
128 44 28 176 24 72 124 116 104 88
128 44 28 176 48 24 124 68 56 88
128 44 28 176 48 24 124 68 80 88
128 44 28 176 48 24 124 68 104 88
128 44 28 176 48 24 124 92 56 88
128 44 28 176 48 24 124 92 80 88
128 44 28 176 48 24 124 92 104 88
128 44 28 176 48 24 124 116 56 88
128 44 28 176 48 24 124 116 80 88
128 44 28 176 48 24 124 116 104 88
128 44 28 176 48 48 124 68 56 88
128 44 28 176 48 48 124 68 80 88
128 44 28 176 48 48 124 68 104 88
128 44 28 176 48 48 124 92 56 88
128 44 28 176 48 48 124 92 80 88
128 44 28 176 48 48 124 92 104 88
128 44 28 176 48 48 124 116 56 88
128 44 28 176 48 48 124 116 80 88
128 44 28 176 48 48 124 116 104 88
128 44 28 176 48 72 124 68 56 88
128 44 28 176 48 72 124 68 80 88
128 44 28 176 48 72 124 68 104 88
128 44 28 176 48 72 124 92 56 88
128 44 28 176 48 72 124 92 80 88
128 44 28 176 48 72 124 92 104 88
128 44 28 176 48 72 124 116 56 88
128 44 28 176 48 72 124 116 80 88
128 44 28 176 48 72 124 116 104 88
128 44 28 176 72 24 124 68 56 88
128 44 28 176 72 24 124 68 80 88
128 44 28 176 72 24 124 68 104 88
128 44 28 176 72 24 124 92 56 88
128 44 28 176 72 24 124 92 80 88
128 44 28 176 72 24 124 92 104 88
128 44 28 176 72 24 124 116 56 88
128 44 28 176 72 24 124 116 80 88
128 44 28 176 72 24 124 116 104 88
128 44 28 176 72 48 124 68 56 88
128 44 28 176 72 48 124 68 80 88
128 44 28 176 72 48 124 68 104 88
128 44 28 176 72 48 124 92 56 88
128 44 28 176 72 48 124 92 80 88
128 44 28 176 72 48 124 92 104 88
128 44 28 176 72 48 124 116 56 88
128 44 28 176 72 48 124 116 80 88
128 44 28 176 72 48 124 116 104 88
128 44 28 176 72 72 124 68 56 88
128 44 28 176 72 72 124 68 80 88
128 44 28 176 72 72 124 68 104 88
128 44 28 176 72 72 124 92 56 88
128 44 28 176 72 72 124 92 80 88
128 44 28 176 72 72 124 92 104 88
128 44 28 176 72 72 124 116 56 88
128 44 28 176 72 72 124 116 80 88
128 44 28 176 72 72 124 116 104 88
128 44 52 128 24 24 124 68 56 88
128 44 52 128 24 24 124 68 80 88
128 44 52 128 24 24 124 68 104 88
128 44 52 128 24 24 124 92 56 88
128 44 52 128 24 24 124 92 80 88
128 44 52 128 24 24 124 92 104 88
128 44 52 128 24 24 124 116 56 88
128 44 52 128 24 24 124 116 80 88
128 44 52 128 24 24 124 116 104 88
128 44 52 128 24 48 124 68 56 88
128 44 52 128 24 48 124 68 80 88
128 44 52 128 24 48 124 68 104 88
128 44 52 128 24 48 124 92 56 88
128 44 52 128 24 48 124 92 80 88
128 44 52 128 24 48 124 92 104 88
128 44 52 128 24 48 124 116 56 88
128 44 52 128 24 48 124 116 80 88
128 44 52 128 24 48 124 116 104 88
128 44 52 128 24 72 124 68 56 88
128 44 52 128 24 72 124 68 80 88
128 44 52 128 24 72 124 68 104 88
128 44 52 128 24 72 124 92 56 88
128 44 52 128 24 72 124 92 80 88
128 44 52 128 24 72 124 92 104 88
128 44 52 128 24 72 124 116 56 88
128 44 52 128 24 72 124 116 80 88
128 44 52 128 24 72 124 116 104 88
128 44 52 128 48 24 124 68 56 88
128 44 52 128 48 24 124 68 80 88
128 44 52 128 48 24 124 68 104 88
128 44 52 128 48 24 124 92 56 88
128 44 52 128 48 24 124 92 80 88
128 44 52 128 48 24 124 92 104 88
128 44 52 128 48 24 124 116 56 88
128 44 52 128 48 24 124 116 80 88
128 44 52 128 48 24 124 116 104 88
128 44 52 128 48 48 124 68 56 88
128 44 52 128 48 48 124 68 80 88
128 44 52 128 48 48 124 68 104 88
128 44 52 128 48 48 124 92 56 88
128 44 52 128 48 48 124 92 80 88
128 44 52 128 48 48 124 92 104 88
128 44 52 128 48 48 124 116 56 88
128 44 52 128 48 48 124 116 80 88
128 44 52 128 48 48 124 116 104 88
128 44 52 128 48 72 124 68 56 88
128 44 52 128 48 72 124 68 80 88
128 44 52 128 48 72 124 68 104 88
128 44 52 128 48 72 124 92 56 88
128 44 52 128 48 72 124 92 80 88
128 44 52 128 48 72 124 92 104 88
128 44 52 128 48 72 124 116 56 88
128 44 52 128 48 72 124 116 80 88
128 44 52 128 48 72 124 116 104 88
128 44 52 128 72 24 124 68 56 88
128 44 52 128 72 24 124 68 80 88
128 44 52 128 72 24 124 68 104 88
128 44 52 128 72 24 124 92 56 88
128 44 52 128 72 24 124 92 80 88
128 44 52 128 72 24 124 92 104 88
128 44 52 128 72 24 124 116 56 88
128 44 52 128 72 24 124 116 80 88
128 44 52 128 72 24 124 116 104 88
128 44 52 128 72 48 124 68 56 88
128 44 52 128 72 48 124 68 80 88
128 44 52 128 72 48 124 68 104 88
128 44 52 128 72 48 124 92 56 88
128 44 52 128 72 48 124 92 80 88
128 44 52 128 72 48 124 92 104 88
128 44 52 128 72 48 124 116 56 88
128 44 52 128 72 48 124 116 80 88
128 44 52 128 72 48 124 116 104 88
128 44 52 128 72 72 124 68 56 88
128 44 52 128 72 72 124 68 80 88
128 44 52 128 72 72 124 68 104 88
128 44 52 128 72 72 124 92 56 88
128 44 52 128 72 72 124 92 80 88
128 44 52 128 72 72 124 92 104 88
128 44 52 128 72 72 124 116 56 88
128 44 52 128 72 72 124 116 80 88
128 44 52 128 72 72 124 116 104 88
128 44 52 152 24 24 124 68 56 88
128 44 52 152 24 24 124 68 80 88
128 44 52 152 24 24 124 68 104 88
128 44 52 152 24 24 124 92 56 88
128 44 52 152 24 24 124 92 80 88
128 44 52 152 24 24 124 92 104 88
128 44 52 152 24 24 124 116 56 88
128 44 52 152 24 24 124 116 80 88
128 44 52 152 24 24 124 116 104 88
128 44 52 152 24 48 124 68 56 88
128 44 52 152 24 48 124 68 80 88
128 44 52 152 24 48 124 68 104 88
128 44 52 152 24 48 124 92 56 88
128 44 52 152 24 48 124 92 80 88
128 44 52 152 24 48 124 92 104 88
128 44 52 152 24 48 124 116 56 88
128 44 52 152 24 48 124 116 80 88
128 44 52 152 24 48 124 116 104 88
128 44 52 152 24 72 124 68 56 88
128 44 52 152 24 72 124 68 80 88
128 44 52 152 24 72 124 68 104 88
128 44 52 152 24 72 124 92 56 88
128 44 52 152 24 72 124 92 80 88
128 44 52 152 24 72 124 92 104 88
128 44 52 152 24 72 124 116 56 88
128 44 52 152 24 72 124 116 80 88
128 44 52 152 24 72 124 116 104 88
128 44 52 152 48 24 124 68 56 88
128 44 52 152 48 24 124 68 80 88
128 44 52 152 48 24 124 68 104 88
128 44 52 152 48 24 124 92 56 88
128 44 52 152 48 24 124 92 80 88
128 44 52 152 48 24 124 92 104 88
128 44 52 152 48 24 124 116 56 88
128 44 52 152 48 24 124 116 80 88
128 44 52 152 48 24 124 116 104 88
128 44 52 152 48 48 124 68 56 88
128 44 52 152 48 48 124 68 80 88
128 44 52 152 48 48 124 68 104 88
128 44 52 152 48 48 124 92 56 88
128 44 52 152 48 48 124 92 80 88
128 44 52 152 48 48 124 92 104 88
128 44 52 152 48 48 124 116 56 88
128 44 52 152 48 48 124 116 80 88
128 44 52 152 48 48 124 116 104 88
128 44 52 152 48 72 124 68 56 88
128 44 52 152 48 72 124 68 80 88
128 44 52 152 48 72 124 68 104 88
128 44 52 152 48 72 124 92 56 88
128 44 52 152 48 72 124 92 80 88
128 44 52 152 48 72 124 92 104 88
128 44 52 152 48 72 124 116 56 88
128 44 52 152 48 72 124 116 80 88
128 44 52 152 48 72 124 116 104 88
128 44 52 152 72 24 124 68 56 88
128 44 52 152 72 24 124 68 80 88
128 44 52 152 72 24 124 68 104 88
128 44 52 152 72 24 124 92 56 88
128 44 52 152 72 24 124 92 80 88
128 44 52 152 72 24 124 92 104 88
128 44 52 152 72 24 124 116 56 88
128 44 52 152 72 24 124 116 80 88
128 44 52 152 72 24 124 116 104 88
128 44 52 152 72 48 124 68 56 88
128 44 52 152 72 48 124 68 80 88
128 44 52 152 72 48 124 68 104 88
128 44 52 152 72 48 124 92 56 88
128 44 52 152 72 48 124 92 80 88
128 44 52 152 72 48 124 92 104 88
128 44 52 152 72 48 124 116 56 88
128 44 52 152 72 48 124 116 80 88
128 44 52 152 72 48 124 116 104 88
128 44 52 152 72 72 124 68 56 88
128 44 52 152 72 72 124 68 80 88
128 44 52 152 72 72 124 68 104 88
128 44 52 152 72 72 124 92 56 88
128 44 52 152 72 72 124 92 80 88
128 44 52 152 72 72 124 92 104 88
128 44 52 152 72 72 124 116 56 88
128 44 52 152 72 72 124 116 80 88
128 44 52 152 72 72 124 116 104 88
128 44 52 176 24 24 124 68 56 88
128 44 52 176 24 24 124 68 80 88
128 44 52 176 24 24 124 68 104 88
128 44 52 176 24 24 124 92 56 88
128 44 52 176 24 24 124 92 80 88
128 44 52 176 24 24 124 92 104 88
128 44 52 176 24 24 124 116 56 88
128 44 52 176 24 24 124 116 80 88
128 44 52 176 24 24 124 116 104 88
128 44 52 176 24 48 124 68 56 88
128 44 52 176 24 48 124 68 80 88
128 44 52 176 24 48 124 68 104 88
128 44 52 176 24 48 124 92 56 88
128 44 52 176 24 48 124 92 80 88
128 44 52 176 24 48 124 92 104 88
128 44 52 176 24 48 124 116 56 88
128 44 52 176 24 48 124 116 80 88
128 44 52 176 24 48 124 116 104 88
128 44 52 176 24 72 124 68 56 88
128 44 52 176 24 72 124 68 80 88
128 44 52 176 24 72 124 68 104 88
128 44 52 176 24 72 124 92 56 88
128 44 52 176 24 72 124 92 80 88
128 44 52 176 24 72 124 92 104 88
128 44 52 176 24 72 124 116 56 88
128 44 52 176 24 72 124 116 80 88
128 44 52 176 24 72 124 116 104 88
128 44 52 176 48 24 124 68 56 88
128 44 52 176 48 24 124 68 80 88
128 44 52 176 48 24 124 68 104 88
128 44 52 176 48 24 124 92 56 88
128 44 52 176 48 24 124 92 80 88
128 44 52 176 48 24 124 92 104 88
128 44 52 176 48 24 124 116 56 88
128 44 52 176 48 24 124 116 80 88
128 44 52 176 48 24 124 116 104 88
128 44 52 176 48 48 124 68 56 88
128 44 52 176 48 48 124 68 80 88
128 44 52 176 48 48 124 68 104 88
128 44 52 176 48 48 124 92 56 88
128 44 52 176 48 48 124 92 80 88
128 44 52 176 48 48 124 92 104 88
128 44 52 176 48 48 124 116 56 88
128 44 52 176 48 48 124 116 80 88
128 44 52 176 48 48 124 116 104 88
128 44 52 176 48 72 124 68 56 88
128 44 52 176 48 72 124 68 80 88
128 44 52 176 48 72 124 68 104 88
128 44 52 176 48 72 124 92 56 88
128 44 52 176 48 72 124 92 80 88
128 44 52 176 48 72 124 92 104 88
128 44 52 176 48 72 124 116 56 88
128 44 52 176 48 72 124 116 80 88
128 44 52 176 48 72 124 116 104 88
128 44 52 176 72 24 124 68 56 88
128 44 52 176 72 24 124 68 80 88
128 44 52 176 72 24 124 68 104 88
128 44 52 176 72 24 124 92 56 88
128 44 52 176 72 24 124 92 80 88
128 44 52 176 72 24 124 92 104 88
128 44 52 176 72 24 124 116 56 88
128 44 52 176 72 24 124 116 80 88
128 44 52 176 72 24 124 116 104 88
128 44 52 176 72 48 124 68 56 88
128 44 52 176 72 48 124 68 80 88
128 44 52 176 72 48 124 68 104 88
128 44 52 176 72 48 124 92 56 88
128 44 52 176 72 48 124 92 80 88
128 44 52 176 72 48 124 92 104 88
128 44 52 176 72 48 124 116 56 88
128 44 52 176 72 48 124 116 80 88
128 44 52 176 72 48 124 116 104 88
128 44 52 176 72 72 124 68 56 88
128 44 52 176 72 72 124 68 80 88
128 44 52 176 72 72 124 68 104 88
128 44 52 176 72 72 124 92 56 88
128 44 52 176 72 72 124 92 80 88
128 44 52 176 72 72 124 92 104 88
128 44 52 176 72 72 124 116 56 88
128 44 52 176 72 72 124 116 80 88
128 44 52 176 72 72 124 116 104 88
128 44 76 128 24 24 124 68 56 88
128 44 76 128 24 24 124 68 80 88
128 44 76 128 24 24 124 68 104 88
128 44 76 128 24 24 124 92 56 88
128 44 76 128 24 24 124 92 80 88
128 44 76 128 24 24 124 92 104 88
128 44 76 128 24 24 124 116 56 88
128 44 76 128 24 24 124 116 80 88
128 44 76 128 24 24 124 116 104 88
128 44 76 128 24 48 124 68 56 88
128 44 76 128 24 48 124 68 80 88
128 44 76 128 24 48 124 68 104 88
128 44 76 128 24 48 124 92 56 88
128 44 76 128 24 48 124 92 80 88
128 44 76 128 24 48 124 92 104 88
128 44 76 128 24 48 124 116 56 88
128 44 76 128 24 48 124 116 80 88
128 44 76 128 24 48 124 116 104 88
128 44 76 128 24 72 124 68 56 88
128 44 76 128 24 72 124 68 80 88
128 44 76 128 24 72 124 68 104 88
128 44 76 128 24 72 124 92 56 88
128 44 76 128 24 72 124 92 80 88
128 44 76 128 24 72 124 92 104 88
128 44 76 128 24 72 124 116 56 88
128 44 76 128 24 72 124 116 80 88
128 44 76 128 24 72 124 116 104 88
128 44 76 128 48 24 124 68 56 88
128 44 76 128 48 24 124 68 80 88
128 44 76 128 48 24 124 68 104 88
128 44 76 128 48 24 124 92 56 88
128 44 76 128 48 24 124 92 80 88
128 44 76 128 48 24 124 92 104 88
128 44 76 128 48 24 124 116 56 88
128 44 76 128 48 24 124 116 80 88
128 44 76 128 48 24 124 116 104 88
128 44 76 128 48 48 124 68 56 88
128 44 76 128 48 48 124 68 80 88
128 44 76 128 48 48 124 68 104 88
128 44 76 128 48 48 124 92 56 88
128 44 76 128 48 48 124 92 80 88
128 44 76 128 48 48 124 92 104 88
128 44 76 128 48 48 124 116 56 88
128 44 76 128 48 48 124 116 80 88
128 44 76 128 48 48 124 116 104 88
128 44 76 128 48 72 124 68 56 88
128 44 76 128 48 72 124 68 80 88
128 44 76 128 48 72 124 68 104 88
128 44 76 128 48 72 124 92 56 88
128 44 76 128 48 72 124 92 80 88
128 44 76 128 48 72 124 92 104 88
128 44 76 128 48 72 124 116 56 88
128 44 76 128 48 72 124 116 80 88
128 44 76 128 48 72 124 116 104 88
128 44 76 128 72 24 124 68 56 88
128 44 76 128 72 24 124 68 80 88
128 44 76 128 72 24 124 68 104 88
128 44 76 128 72 24 124 92 56 88
128 44 76 128 72 24 124 92 80 88
128 44 76 128 72 24 124 92 104 88
128 44 76 128 72 24 124 116 56 88
128 44 76 128 72 24 124 116 80 88
128 44 76 128 72 24 124 116 104 88
128 44 76 128 72 48 124 68 56 88
128 44 76 128 72 48 124 68 80 88
128 44 76 128 72 48 124 68 104 88
128 44 76 128 72 48 124 92 56 88
128 44 76 128 72 48 124 92 80 88
128 44 76 128 72 48 124 92 104 88
128 44 76 128 72 48 124 116 56 88
128 44 76 128 72 48 124 116 80 88
128 44 76 128 72 48 124 116 104 88
128 44 76 128 72 72 124 68 56 88
128 44 76 128 72 72 124 68 80 88
128 44 76 128 72 72 124 68 104 88
128 44 76 128 72 72 124 92 56 88
128 44 76 128 72 72 124 92 80 88
128 44 76 128 72 72 124 92 104 88
128 44 76 128 72 72 124 116 56 88
128 44 76 128 72 72 124 116 80 88
128 44 76 128 72 72 124 116 104 88
128 44 76 152 24 24 124 68 56 88
128 44 76 152 24 24 124 68 80 88
128 44 76 152 24 24 124 68 104 88
128 44 76 152 24 24 124 92 56 88
128 44 76 152 24 24 124 92 80 88
128 44 76 152 24 24 124 92 104 88
128 44 76 152 24 24 124 116 56 88
128 44 76 152 24 24 124 116 80 88
128 44 76 152 24 24 124 116 104 88
128 44 76 152 24 48 124 68 56 88
128 44 76 152 24 48 124 68 80 88
128 44 76 152 24 48 124 68 104 88
128 44 76 152 24 48 124 92 56 88
128 44 76 152 24 48 124 92 80 88
128 44 76 152 24 48 124 92 104 88
128 44 76 152 24 48 124 116 56 88
128 44 76 152 24 48 124 116 80 88
128 44 76 152 24 48 124 116 104 88
128 44 76 152 24 72 124 68 56 88
128 44 76 152 24 72 124 68 80 88
128 44 76 152 24 72 124 68 104 88
128 44 76 152 24 72 124 92 56 88
128 44 76 152 24 72 124 92 80 88
128 44 76 152 24 72 124 92 104 88
128 44 76 152 24 72 124 116 56 88
128 44 76 152 24 72 124 116 80 88
128 44 76 152 24 72 124 116 104 88
128 44 76 152 48 24 124 68 56 88
128 44 76 152 48 24 124 68 80 88
128 44 76 152 48 24 124 68 104 88
128 44 76 152 48 24 124 92 56 88
128 44 76 152 48 24 124 92 80 88
128 44 76 152 48 24 124 92 104 88
128 44 76 152 48 24 124 116 56 88
128 44 76 152 48 24 124 116 80 88
128 44 76 152 48 24 124 116 104 88
128 44 76 152 48 48 124 68 56 88
128 44 76 152 48 48 124 68 80 88
128 44 76 152 48 48 124 68 104 88
128 44 76 152 48 48 124 92 56 88
128 44 76 152 48 48 124 92 80 88
128 44 76 152 48 48 124 92 104 88
128 44 76 152 48 48 124 116 56 88
128 44 76 152 48 48 124 116 80 88
128 44 76 152 48 48 124 116 104 88
128 44 76 152 48 72 124 68 56 88
128 44 76 152 48 72 124 68 80 88
128 44 76 152 48 72 124 68 104 88
128 44 76 152 48 72 124 92 56 88
128 44 76 152 48 72 124 92 80 88
128 44 76 152 48 72 124 92 104 88
128 44 76 152 48 72 124 116 56 88
128 44 76 152 48 72 124 116 80 88
128 44 76 152 48 72 124 116 104 88
128 44 76 152 72 24 124 68 56 88
128 44 76 152 72 24 124 68 80 88
128 44 76 152 72 24 124 68 104 88
128 44 76 152 72 24 124 92 56 88
128 44 76 152 72 24 124 92 80 88
128 44 76 152 72 24 124 92 104 88
128 44 76 152 72 24 124 116 56 88
128 44 76 152 72 24 124 116 80 88
128 44 76 152 72 24 124 116 104 88
128 44 76 152 72 48 124 68 56 88
128 44 76 152 72 48 124 68 80 88
128 44 76 152 72 48 124 68 104 88
128 44 76 152 72 48 124 92 56 88
128 44 76 152 72 48 124 92 80 88
128 44 76 152 72 48 124 92 104 88
128 44 76 152 72 48 124 116 56 88
128 44 76 152 72 48 124 116 80 88
128 44 76 152 72 48 124 116 104 88
128 44 76 152 72 72 124 68 56 88
128 44 76 152 72 72 124 68 80 88
128 44 76 152 72 72 124 68 104 88
128 44 76 152 72 72 124 92 56 88
128 44 76 152 72 72 124 92 80 88
128 44 76 152 72 72 124 92 104 88
128 44 76 152 72 72 124 116 56 88
128 44 76 152 72 72 124 116 80 88
128 44 76 152 72 72 124 116 104 88
128 44 76 176 24 24 124 68 56 88
128 44 76 176 24 24 124 68 80 88
128 44 76 176 24 24 124 68 104 88
128 44 76 176 24 24 124 92 56 88
128 44 76 176 24 24 124 92 80 88
128 44 76 176 24 24 124 92 104 88
128 44 76 176 24 24 124 116 56 88
128 44 76 176 24 24 124 116 80 88
128 44 76 176 24 24 124 116 104 88
128 44 76 176 24 48 124 68 56 88
128 44 76 176 24 48 124 68 80 88
128 44 76 176 24 48 124 68 104 88
128 44 76 176 24 48 124 92 56 88
128 44 76 176 24 48 124 92 80 88
128 44 76 176 24 48 124 92 104 88
128 44 76 176 24 48 124 116 56 88
128 44 76 176 24 48 124 116 80 88
128 44 76 176 24 48 124 116 104 88
128 44 76 176 24 72 124 68 56 88
128 44 76 176 24 72 124 68 80 88
128 44 76 176 24 72 124 68 104 88
128 44 76 176 24 72 124 92 56 88
128 44 76 176 24 72 124 92 80 88
128 44 76 176 24 72 124 92 104 88
128 44 76 176 24 72 124 116 56 88
128 44 76 176 24 72 124 116 80 88
128 44 76 176 24 72 124 116 104 88
128 44 76 176 48 24 124 68 56 88
128 44 76 176 48 24 124 68 80 88
128 44 76 176 48 24 124 68 104 88
128 44 76 176 48 24 124 92 56 88
128 44 76 176 48 24 124 92 80 88
128 44 76 176 48 24 124 92 104 88
128 44 76 176 48 24 124 116 56 88
128 44 76 176 48 24 124 116 80 88
128 44 76 176 48 24 124 116 104 88
128 44 76 176 48 48 124 68 56 88
128 44 76 176 48 48 124 68 80 88
128 44 76 176 48 48 124 68 104 88
128 44 76 176 48 48 124 92 56 88
128 44 76 176 48 48 124 92 80 88
128 44 76 176 48 48 124 92 104 88
128 44 76 176 48 48 124 116 56 88
128 44 76 176 48 48 124 116 80 88
128 44 76 176 48 48 124 116 104 88
128 44 76 176 48 72 124 68 56 88
128 44 76 176 48 72 124 68 80 88
128 44 76 176 48 72 124 68 104 88
128 44 76 176 48 72 124 92 56 88
128 44 76 176 48 72 124 92 80 88
128 44 76 176 48 72 124 92 104 88
128 44 76 176 48 72 124 116 56 88
128 44 76 176 48 72 124 116 80 88
128 44 76 176 48 72 124 116 104 88
128 44 76 176 72 24 124 68 56 88
128 44 76 176 72 24 124 68 80 88
128 44 76 176 72 24 124 68 104 88
128 44 76 176 72 24 124 92 56 88
128 44 76 176 72 24 124 92 80 88
128 44 76 176 72 24 124 92 104 88
128 44 76 176 72 24 124 116 56 88
128 44 76 176 72 24 124 116 80 88
128 44 76 176 72 24 124 116 104 88
128 44 76 176 72 48 124 68 56 88
128 44 76 176 72 48 124 68 80 88
128 44 76 176 72 48 124 68 104 88
128 44 76 176 72 48 124 92 56 88
128 44 76 176 72 48 124 92 80 88
128 44 76 176 72 48 124 92 104 88
128 44 76 176 72 48 124 116 56 88
128 44 76 176 72 48 124 116 80 88
128 44 76 176 72 48 124 116 104 88
128 44 76 176 72 72 124 68 56 88
128 44 76 176 72 72 124 68 80 88
128 44 76 176 72 72 124 68 104 88
128 44 76 176 72 72 124 92 56 88
128 44 76 176 72 72 124 92 80 88
128 44 76 176 72 72 124 92 104 88
128 44 76 176 72 72 124 116 56 88
128 44 76 176 72 72 124 116 80 88
128 44 76 176 72 72 124 116 104 88
