116 40 44 144 40 40 124 84 72 88
116 40 44 144 40 40 124 84 88 88
116 40 44 144 40 40 124 100 72 88
116 40 44 144 40 40 124 100 88 88
116 40 44 144 40 56 124 84 72 88
116 40 44 144 40 56 124 84 88 88
116 40 44 144 40 56 124 100 72 88
116 40 44 144 40 56 124 100 88 88
116 40 44 144 56 40 124 84 72 88
116 40 44 144 56 40 124 84 88 88
116 40 44 144 56 40 124 100 72 88
116 40 44 144 56 40 124 100 88 88
116 40 44 144 56 56 124 84 72 88
116 40 44 144 56 56 124 84 88 88
116 40 44 144 56 56 124 100 72 88
116 40 44 144 56 56 124 100 88 88
116 40 44 160 40 40 124 84 72 88
116 40 44 160 40 40 124 84 88 88
116 40 44 160 40 40 124 100 72 88
116 40 44 160 40 40 124 100 88 88
116 40 44 160 40 56 124 84 72 88
116 40 44 160 40 56 124 84 88 88
116 40 44 160 40 56 124 100 72 88
116 40 44 160 40 56 124 100 88 88
116 40 44 160 56 40 124 84 72 88
116 40 44 160 56 40 124 84 88 88
116 40 44 160 56 40 124 100 72 88
116 40 44 160 56 40 124 100 88 88
116 40 44 160 56 56 124 84 72 88
116 40 44 160 56 56 124 84 88 88
116 40 44 160 56 56 124 100 72 88
116 40 44 160 56 56 124 100 88 88
116 40 60 144 40 40 124 84 72 88
116 40 60 144 40 40 124 84 88 88
116 40 60 144 40 40 124 100 72 88
116 40 60 144 40 40 124 100 88 88
116 40 60 144 40 56 124 84 72 88
116 40 60 144 40 56 124 84 88 88
116 40 60 144 40 56 124 100 72 88
116 40 60 144 40 56 124 100 88 88
116 40 60 144 56 40 124 84 72 88
116 40 60 144 56 40 124 84 88 88
116 40 60 144 56 40 124 100 72 88
116 40 60 144 56 40 124 100 88 88
116 40 60 144 56 56 124 84 72 88
116 40 60 144 56 56 124 84 88 88
116 40 60 144 56 56 124 100 72 88
116 40 60 144 56 56 124 100 88 88
116 40 60 160 40 40 124 84 72 88
116 40 60 160 40 40 124 84 88 88
116 40 60 160 40 40 124 100 72 88
116 40 60 160 40 40 124 100 88 88
116 40 60 160 40 56 124 84 72 88
116 40 60 160 40 56 124 84 88 88
116 40 60 160 40 56 124 100 72 88
116 40 60 160 40 56 124 100 88 88
116 40 60 160 56 40 124 84 72 88
116 40 60 160 56 40 124 84 88 88
116 40 60 160 56 40 124 100 72 88
116 40 60 160 56 40 124 100 88 88
116 40 60 160 56 56 124 84 72 88
116 40 60 160 56 56 124 84 88 88
116 40 60 160 56 56 124 100 72 88
116 40 60 160 56 56 124 100 88 88
116 56 44 144 40 40 124 84 72 88
116 56 44 144 40 40 124 84 88 88
116 56 44 144 40 40 124 100 72 88
116 56 44 144 40 40 124 100 88 88
116 56 44 144 40 56 124 84 72 88
116 56 44 144 40 56 124 84 88 88
116 56 44 144 40 56 124 100 72 88
116 56 44 144 40 56 124 100 88 88
116 56 44 144 56 40 124 84 72 88
116 56 44 144 56 40 124 84 88 88
116 56 44 144 56 40 124 100 72 88
116 56 44 144 56 40 124 100 88 88
116 56 44 144 56 56 124 84 72 88
116 56 44 144 56 56 124 84 88 88
116 56 44 144 56 56 124 100 72 88
116 56 44 144 56 56 124 100 88 88
116 56 44 160 40 40 124 84 72 88
116 56 44 160 40 40 124 84 88 88
116 56 44 160 40 40 124 100 72 88
116 56 44 160 40 40 124 100 88 88
116 56 44 160 40 56 124 84 72 88
116 56 44 160 40 56 124 84 88 88
116 56 44 160 40 56 124 100 72 88
116 56 44 160 40 56 124 100 88 88
116 56 44 160 56 40 124 84 72 88
116 56 44 160 56 40 124 84 88 88
116 56 44 160 56 40 124 100 72 88
116 56 44 160 56 40 124 100 88 88
116 56 44 160 56 56 124 84 72 88
116 56 44 160 56 56 124 84 88 88
116 56 44 160 56 56 124 100 72 88
116 56 44 160 56 56 124 100 88 88
116 56 60 144 40 40 124 84 72 88
116 56 60 144 40 40 124 84 88 88
116 56 60 144 40 40 124 100 72 88
116 56 60 144 40 40 124 100 88 88
116 56 60 144 40 56 124 84 72 88
116 56 60 144 40 56 124 84 88 88
116 56 60 144 40 56 124 100 72 88
116 56 60 144 40 56 124 100 88 88
116 56 60 144 56 40 124 84 72 88
116 56 60 144 56 40 124 84 88 88
116 56 60 144 56 40 124 100 72 88
116 56 60 144 56 40 124 100 88 88
116 56 60 144 56 56 124 84 72 88
116 56 60 144 56 56 124 84 88 88
116 56 60 144 56 56 124 100 72 88
116 56 60 144 56 56 124 100 88 88
116 56 60 160 40 40 124 84 72 88
116 56 60 160 40 40 124 84 88 88
116 56 60 160 40 40 124 100 72 88
116 56 60 160 40 40 124 100 88 88
116 56 60 160 40 56 124 84 72 88
116 56 60 160 40 56 124 84 88 88
116 56 60 160 40 56 124 100 72 88
116 56 60 160 40 56 124 100 88 88
116 56 60 160 56 40 124 84 72 88
116 56 60 160 56 40 124 84 88 88
116 56 60 160 56 40 124 100 72 88
116 56 60 160 56 40 124 100 88 88
116 56 60 160 56 56 124 84 72 88
116 56 60 160 56 56 124 84 88 88
116 56 60 160 56 56 124 100 72 88
116 56 60 160 56 56 124 100 88 88
132 40 44 144 40 40 124 84 72 88
132 40 44 144 40 40 124 84 88 88
132 40 44 144 40 40 124 100 72 88
132 40 44 144 40 40 124 100 88 88
132 40 44 144 40 56 124 84 72 88
132 40 44 144 40 56 124 84 88 88
132 40 44 144 40 56 124 100 72 88
132 40 44 144 40 56 124 100 88 88
132 40 44 144 56 40 124 84 72 88
132 40 44 144 56 40 124 84 88 88
132 40 44 144 56 40 124 100 72 88
132 40 44 144 56 40 124 100 88 88
132 40 44 144 56 56 124 84 72 88
132 40 44 144 56 56 124 84 88 88
132 40 44 144 56 56 124 100 72 88
132 40 44 144 56 56 124 100 88 88
132 40 44 160 40 40 124 84 72 88
132 40 44 160 40 40 124 84 88 88
132 40 44 160 40 40 124 100 72 88
132 40 44 160 40 40 124 100 88 88
132 40 44 160 40 56 124 84 72 88
132 40 44 160 40 56 124 84 88 88
132 40 44 160 40 56 124 100 72 88
132 40 44 160 40 56 124 100 88 88
132 40 44 160 56 40 124 84 72 88
132 40 44 160 56 40 124 84 88 88
132 40 44 160 56 40 124 100 72 88
132 40 44 160 56 40 124 100 88 88
132 40 44 160 56 56 124 84 72 88
132 40 44 160 56 56 124 84 88 88
132 40 44 160 56 56 124 100 72 88
132 40 44 160 56 56 124 100 88 88
132 40 60 144 40 40 124 84 72 88
132 40 60 144 40 40 124 84 88 88
132 40 60 144 40 40 124 100 72 88
132 40 60 144 40 40 124 100 88 88
132 40 60 144 40 56 124 84 72 88
132 40 60 144 40 56 124 84 88 88
132 40 60 144 40 56 124 100 72 88
132 40 60 144 40 56 124 100 88 88
132 40 60 144 56 40 124 84 72 88
132 40 60 144 56 40 124 84 88 88
132 40 60 144 56 40 124 100 72 88
132 40 60 144 56 40 124 100 88 88
132 40 60 144 56 56 124 84 72 88
132 40 60 144 56 56 124 84 88 88
132 40 60 144 56 56 124 100 72 88
132 40 60 144 56 56 124 100 88 88
132 40 60 160 40 40 124 84 72 88
132 40 60 160 40 40 124 84 88 88
132 40 60 160 40 40 124 100 72 88
132 40 60 160 40 40 124 100 88 88
132 40 60 160 40 56 124 84 72 88
132 40 60 160 40 56 124 84 88 88
132 40 60 160 40 56 124 100 72 88
132 40 60 160 40 56 124 100 88 88
132 40 60 160 56 40 124 84 72 88
132 40 60 160 56 40 124 84 88 88
132 40 60 160 56 40 124 100 72 88
132 40 60 160 56 40 124 100 88 88
132 40 60 160 56 56 124 84 72 88
132 40 60 160 56 56 124 84 88 88
132 40 60 160 56 56 124 100 72 88
132 40 60 160 56 56 124 100 88 88
132 56 44 144 40 40 124 84 72 88
132 56 44 144 40 40 124 84 88 88
132 56 44 144 40 40 124 100 72 88
132 56 44 144 40 40 124 100 88 88
132 56 44 144 40 56 124 84 72 88
132 56 44 144 40 56 124 84 88 88
132 56 44 144 40 56 124 100 72 88
132 56 44 144 40 56 124 100 88 88
132 56 44 144 56 40 124 84 72 88
132 56 44 144 56 40 124 84 88 88
132 56 44 144 56 40 124 100 72 88
132 56 44 144 56 40 124 100 88 88
132 56 44 144 56 56 124 84 72 88
132 56 44 144 56 56 124 84 88 88
132 56 44 144 56 56 124 100 72 88
132 56 44 144 56 56 124 100 88 88
132 56 44 160 40 40 124 84 72 88
132 56 44 160 40 40 124 84 88 88
132 56 44 160 40 40 124 100 72 88
132 56 44 160 40 40 124 100 88 88
132 56 44 160 40 56 124 84 72 88
132 56 44 160 40 56 124 84 88 88
132 56 44 160 40 56 124 100 72 88
132 56 44 160 40 56 124 100 88 88
132 56 44 160 56 40 124 84 72 88
132 56 44 160 56 40 124 84 88 88
132 56 44 160 56 40 124 100 72 88
132 56 44 160 56 40 124 100 88 88
132 56 44 160 56 56 124 84 72 88
132 56 44 160 56 56 124 84 88 88
132 56 44 160 56 56 124 100 72 88
132 56 44 160 56 56 124 100 88 88
132 56 60 144 40 40 124 84 72 88
132 56 60 144 40 40 124 84 88 88
132 56 60 144 40 40 124 100 72 88
132 56 60 144 40 40 124 100 88 88
132 56 60 144 40 56 124 84 72 88
132 56 60 144 40 56 124 84 88 88
132 56 60 144 40 56 124 100 72 88
132 56 60 144 40 56 124 100 88 88
132 56 60 144 56 40 124 84 72 88
132 56 60 144 56 40 124 84 88 88
132 56 60 144 56 40 124 100 72 88
132 56 60 144 56 40 124 100 88 88
132 56 60 144 56 56 124 84 72 88
132 56 60 144 56 56 124 84 88 88
132 56 60 144 56 56 124 100 72 88
132 56 60 144 56 56 124 100 88 88
132 56 60 160 40 40 124 84 72 88
132 56 60 160 40 40 124 84 88 88
132 56 60 160 40 40 124 100 72 88
132 56 60 160 40 40 124 100 88 88
132 56 60 160 40 56 124 84 72 88
132 56 60 160 40 56 124 84 88 88
132 56 60 160 40 56 124 100 72 88
132 56 60 160 40 56 124 100 88 88
132 56 60 160 56 40 124 84 72 88
132 56 60 160 56 40 124 84 88 88
132 56 60 160 56 40 124 100 72 88
132 56 60 160 56 40 124 100 88 88
132 56 60 160 56 56 124 84 72 88
132 56 60 160 56 56 124 84 88 88
132 56 60 160 56 56 124 100 72 88
132 56 60 160 56 56 124 100 88 88
